7863,698,280733,48,1
16.712217205643007,186.98797744447702,197673,275640
8.871836015234035,16.2658252623887,21183,285084
89.34073340375484,152.95006318654933,343810,29244
114.90908309233598,65.45470288442127,53274,74953
166.26251392325108,198.1850113976881,362184,187118
7.697611073764287,153.48641952548473,11872,134131
39.011893133154864,22.1181970147574,127935,254293
108.78121457159429,187.19451934308267,250795,367777
175.2948434341506,3.3147906909167464,344466,117503
126.87126287103706,153.023551230743,157168,209465
193.625176849422,127.20415826195725,391731,288334
163.2066843702751,145.5071976304451,179204,114010
102.20508864459917,93.73325254814728,293054,289099
6.931310250170896,110.78583446808697,146695,250706
42.08960776066765,110.44839496661577,127839,354695
172.14508696504438,169.6949969117464,34765,261343
149.5044718418103,98.09373777559234,156389,55472
37.28903672179417,179.14639532449283,56201,208964
159.47517608902987,59.29572287119734,105370,248274
104.31797621243385,146.46880941541758,102113,204826
20.67969184858559,27.096196486390934,334329,199992
143.64458745778063,143.33484335278956,315011,389889
172.04113869836758,119.19802978421492,1565,155214
184.42465659314408,72.50443015776823,7392,340099
171.78741454886557,185.36607231764515,272128,50076
61.0905064238488,154.87437925000881,165228,69018
80.6552292972044,18.42892251559941,35608,392900
58.19906219404935,43.618630169939465,167737,163830
128.11401143596007,82.07300159847098,217998,361315
88.08705067417225,188.29335976482963,83566,156354
63.81366648284471,128.8055019410343,185210,97017
80.33982144719232,100.79809861680008,182793,206322
180.1765594716941,86.15726233275406,162895,276978
108.87641448876138,87.53581658021395,322113,331205
134.79185111608132,184.8454140221265,187600,66595
91.10317699362778,162.8848171150539,192344,208724
186.03661406765812,5.039671154454417,78594,141622
183.03582661658731,37.44084443966994,104634,154093
49.52617018691999,1.270038683038221,343603,154788
92.85645503577238,154.04153995209748,213524,279458
88.3435135999486,17.448506588442047,289027,332588
30.752245086095964,133.35603873283392,97206,234046
52.6475369852352,64.8975138692929,307548,155995
102.14744656177176,81.19156057919294,249802,280304
104.71917716248092,61.504801547850064,49234,73085
91.03430725871867,28.395449961921592,121094,193851
8.65765002154314,131.85210285950728,390469,223019
135.8529997180777,32.44711456516972,231507,129540
169.0418867999531,68.46515497211463,156293,290401
97.4597943709742,13.04790350064341,64531,258546
193.55924011610855,134.64925857043693,24125,310553
191.72776212781227,52.11117435473648,380314,369279
88.88169194455665,140.52910060125035,150603,396844
102.18996824133892,125.78678431398895,292152,250445
119.32185897426729,196.0984910399683,39700,73501
4.18207829901519,1.1576233867450432,353797,15816
40.78538557331003,97.87575994965388,370295,147559
183.86465426516827,6.027731348277598,4442,364479
29.38519538399259,158.09901210780413,37772,364352
95.37554206072618,34.165181237724326,61041,185015
50.30446082402854,165.60243170074602,236639,74930
98.62499687166971,182.22599995629537,309110,60477
137.9720935177023,163.28590592331048,127193,302037
199.7208610221928,14.500734144948401,354049,194594
197.60456873889873,135.49553164093265,373928,297515
75.89345057717463,138.10052107125938,279003,310960
89.30375528243127,76.11741920710236,234102,50234
116.65015932611072,49.118010839349225,223932,311555
52.19051346391256,120.57210152371175,186426,230498
21.673533716559323,18.91705891715446,232867,218007
84.88004716170664,97.3767291855884,268365,201729
42.00397352567199,152.6579304293949,249677,70396
71.72593893756944,22.08793402088488,266929,354950
172.01451615922707,27.458145166108416,399684,111107
67.80803794042961,12.19443544190667,163042,86571
42.66075044116678,47.607159961030234,377117,279404
200.12232889156297,49.21619927658466,192234,214510
137.91922525123405,15.752792657294222,35557,135578
62.73220982749442,116.58074549992806,29557,199379
172.03265756461843,73.09180888355456,156461,243572
69.01716381318418,70.85818136145164,248139,34316
100.35575803030483,103.83426772870598,321630,36461
48.2401462246537,191.08919570467233,77420,123272
175.81117919911418,109.45351755831251,121111,230351
44.456468636179636,37.05569477642084,302408,187040
50.16686921694912,150.73961165744672,320674,267070
185.6877855249787,132.6165811279399,318866,392730
7.853947713989162,129.0753688086339,330948,340806
67.04214398267695,184.23237391315539,225652,14018
22.55351092180352,165.65977016640002,359779,308859
44.20865212875836,16.4764594843147,303687,82484
65.36187255510711,55.99560772784512,215397,201417
9.000033582768918,33.99904517832351,151627,369666
49.44188442197558,78.5946101538813,379389,14549
46.24174393186239,40.76660036547429,190376,244978
160.50364291061575,57.66715080376804,115973,247318
115.56970525750664,109.51602151080864,31304,331081
45.426084020859335,90.06241114974776,58830,97995
111.23316954702351,3.6833810760689696,340047,254067
172.40233621774343,1.7915287386054075,83583,345991
10.812536112946958,26.413087717984972,226736,109866
54.111370247971266,88.35869000229549,357030,99126
197.23680699244446,81.81901281131069,95098,142164
68.90677495306025,189.47590597867244,173631,286767
129.37966054138113,167.0257313550129,254793,131509
11.56575015462774,160.55447479694104,390107,293309
130.95969622338995,113.61037743625944,389282,80158
151.82803306556522,23.032313229415244,117651,284124
85.97705998986248,117.21393995923016,361777,117937
32.22049504675305,29.869656221081698,209124,291943
176.36810087359365,146.99090046894517,139,299093
162.32933940755797,182.55855550599972,53658,152961
13.209957771866186,34.28777140105092,33935,92909
189.94296316666134,127.2521290464638,165630,106126
20.290522641101415,83.92982243618187,259813,344755
84.915412561135,170.0104205386917,60248,282487
86.18437853378154,122.57166256406225,329212,138542
53.13795335754453,148.9388500798556,21768,257447
50.524260984811896,46.92602642854412,281956,358140
108.97508193550841,132.7952427489565,106338,126021
108.68872936621398,19.897281136479737,385355,267164
37.61653633741041,164.47033016741366,376069,284979
167.77244079810814,3.656320856218553,210470,15198
46.088865179168046,100.98723082974182,330980,239803
160.97383052992186,143.822485051252,172094,75577
164.6042862640126,21.07518138718106,264126,184377
107.30868314693788,15.861022380520106,285005,363025
159.32101459374385,163.08512001225245,288086,207277
103.09492526635479,110.63189035285991,195665,121688
53.643491604069105,140.53691638688204,216537,179602
149.58699549914192,27.182304285435166,344517,162973
37.47326634166724,64.80316108046053,113299,150663
190.474670608679,23.182219920869162,165982,94248
141.27676160779959,23.600249523015236,239069,151628
171.08470414606344,172.0538271386103,318701,133913
42.78547449454718,43.70674814785826,180686,76680
189.7913167311805,125.41347149932788,70567,318530
196.2824092893384,64.66969827161891,236872,5048
27.486551342753764,173.87273356021757,104924,189894
174.8259658329279,9.57421448621224,258540,347905
183.49166224739312,41.85479823113246,167484,374543
0.8645681447295157,35.99836569597677,187967,340848
70.88849565429668,105.5680881628547,102979,254172
126.32244557024798,46.18676447468996,25947,125852
120.1736259867528,159.7117757926348,253818,25415
184.58396872281924,25.76031550324688,43299,134586
181.01990164294608,9.312603713597667,115991,253958
58.441888677474566,44.818721925554904,312734,149624
105.7786673867022,69.12948196951831,185073,338099
33.94814105980052,108.34513169829002,269823,61236
37.553322133610834,14.507223916768897,217720,348514
193.53589473460733,83.02061230707773,220586,243309
36.97949884710757,153.98373976611938,269570,59545
55.462427508220316,187.90854400461254,143952,159617
76.39116117125232,54.30107034149726,256779,306175
112.62555427996556,134.3579901800391,241839,250372
53.34395461702982,21.060640110905727,218930,170060
143.57627904982616,87.65845469373366,50168,166999
57.38902568056569,60.79199762990714,192961,296978
52.90790130034969,35.5890605668259,323023,238885
28.801100748262243,69.7421751793351,381309,106997
197.3418356183386,57.55086328967508,141510,226303
24.295744954818645,17.685853124403994,248724,35933
127.32371706303053,147.33464983041145,45891,173285
135.6310261218539,137.3238269889799,203605,158556
140.73485399856133,42.01560115738238,378429,279722
59.760416740347836,66.57526900767229,270302,153999
33.73426388982593,22.61427548128433,335714,171678
195.64509354123268,6.847582777199601,338731,393182
131.47068289716512,87.02701716835205,83937,192560
29.07712882273964,199.13177862407557,306256,64880
85.51242199103105,44.69239218848112,352173,380230
83.4186540408658,34.84178016265417,231449,374472
91.78086435025784,172.28017099258597,314433,284661
65.9083338101364,122.38770144387875,4306,106757
78.36141585223088,11.499230956766294,259538,204320
65.38367960935105,45.61689371746983,367755,318916
161.9987836016545,129.42828678163897,84218,45865
81.54814476237176,57.91712256413487,14567,78032
9.932191626755081,28.460940341043017,295336,223062
46.283910048388556,146.77430737173168,171193,274556
63.935548269866835,151.28264411780674,14715,388949
76.3571419573234,128.10818217500793,110688,395562
189.31833789470767,24.89409296986279,176470,30573
50.94056453300667,47.34284190250809,12915,205160
65.91008613169794,109.57127913388027,218239,9423
97.82061257612077,193.85151983683653,270867,331735
12.765121717758088,131.18985872849728,218236,226370
94.4719458653894,5.465609728108777,393391,213195
64.9303509092008,80.29832541446324,332530,378305
124.25240794062177,137.85271952061717,234251,277553
39.93725274716214,44.833488245626704,9052,126190
88.0554876141984,96.81771589984577,365919,271695
43.90520413025766,125.94094860739237,288715,381506
156.48699086496862,36.40926784775679,284565,141725
181.84757960761934,172.87514021187437,290895,179375
190.01626230685528,77.94289897803236,117374,269949
22.89946633762053,102.66637460107107,368285,62676
171.9724785462227,29.87549567268769,111085,184588
7.056836761719764,166.78826127273769,19446,277927
43.47114615204634,120.45528458459339,154350,292943
3.3274003155701166,48.44657863039391,350642,261604
136.497850319353,188.1716200773336,302653,263803
187.01238528683908,62.72214077823476,43370,1641
41.95320819158969,112.56004224622814,333993,186854
102.61269332226338,164.39371861262387,118175,131764
178.35777890318926,72.57593901615257,154883,23822
134.40168707304818,5.975556908931778,138537,109109
133.38621791594787,63.604596014371836,223260,30883
94.22580283609847,126.83455870261747,99256,257750
108.07888065587109,18.672013190182156,78057,278411
140.15402185714865,73.08871292130134,231606,192542
110.47444522608293,5.37996841777425,300387,87920
104.14241641346142,61.58756732317511,114527,329554
113.90147543386206,7.705454210254336,34582,393186
185.23182541407817,8.270974187837965,270886,89590
42.01824363253309,60.64941833783914,183391,141658
69.64952143514822,174.60158113154586,136415,389497
79.03121182867821,154.7377902984422,34253,153309
92.61083420011406,162.9522970920405,116777,91463
74.86121406682983,44.889603841207936,360419,34564
140.05836658374713,164.5602869771961,113772,258502
151.24537533775967,121.86763676007112,216659,195699
192.8559727429971,168.06647211831265,333297,92219
80.12013800809709,81.48709824340993,345068,35750
91.26653709314266,143.25212695631774,34935,378772
148.75878320579565,163.4223085757855,27395,294047
3.4578356394946104,78.24463003107105,220043,373138
130.0440169733415,43.641052137230005,26737,60575
37.24400416853361,58.450410282200714,190245,27408
108.32471769556277,27.4056833235503,214535,83571
167.60232660221595,105.41786398449815,101235,367250
173.29405384976155,187.98053273355242,366303,123730
51.40099816180091,151.74392948723883,216456,176534
172.3664951455984,173.62110558704924,258974,115485
62.303898103954616,6.397938156093252,310635,153558
126.63158950912795,115.41283497032683,319576,136522
159.42820666907343,190.20347643344968,14365,161555
71.50563719458144,123.77076040839557,116498,8009
68.84061559831966,104.82561521036676,170262,335135
119.94636333669507,183.97706698416232,258892,393510
132.58275046461532,85.96515231760907,260433,311697
87.17295265961852,32.465906731879066,108480,104301
100.18710502201448,12.446246504011127,129545,331038
19.2528288569623,106.48485045314605,395235,246450
196.52606989311218,61.75652025636139,153159,365409
176.0590822221645,160.46507995704928,126759,372361
0.6491912359073977,167.99265761733812,15273,228432
8.727479514527737,92.48801854474725,308613,271615
175.70281633425807,133.08709391543954,336095,173249
103.98146258124606,42.59020926210827,202577,24875
72.16199924247157,134.0256818317531,308267,90189
138.055493091175,139.6209003136163,358498,163403
116.88250052349224,159.2698903263971,85468,143142
171.3148655104384,172.65344298399987,195625,266007
39.72085847864303,182.9030319962801,308499,308825
135.30035209974758,143.62258848485712,13540,41146
77.86858002585572,65.63608859654431,39436,233659
15.45310733750772,176.3602088799798,100206,65170
45.172461998810164,62.617392924883184,220154,359778
48.2053523843336,179.35245590569218,205532,92619
128.51242498140093,58.25020482123337,187037,33981
47.839693153827355,110.53696847121793,100175,200600
154.10123954309344,161.56509119398942,133718,284644
8.281248908505688,6.869935738415733,83690,282537
91.05242874943237,140.12843237785867,357498,29439
123.92562975919466,113.16478798566017,23045,398102
174.80399544396553,188.37691456394433,329323,135220
12.229599040476014,177.15745607918652,87390,191983
145.43132396695626,194.40816817835827,190971,236317
53.98282187053621,133.58280295862122,149570,358597
121.35342445273844,148.7629608965219,81702,31841
84.19669722975203,51.32314395895096,265479,10251
142.62761421104102,125.11202884444221,308945,124952
141.02184324804392,95.85835691312597,358177,252365
4.509158185006956,35.89373677842443,66210,84372
120.04824650608471,5.127871064563727,326206,301481
105.16982366650896,40.09498131698178,289023,192870
79.13317989863481,190.70351462432708,69102,15652
4.7426119606472135,54.16009610771272,1489,229023
121.30029927514167,67.43881690424294,264358,190059
148.88504367274834,23.458522434257933,308083,263581
61.39134792984383,52.45027765368461,122951,219430
70.89987120980807,168.22475235632686,218929,387823
1.5372661364412838,36.71978217478903,262839,338524
133.56614986690278,76.16114151308665,48034,398176
31.031614808970374,157.4799628212446,318628,235387
196.03453758157244,110.09862007444352,347489,301102
92.09311274135051,133.92607785698797,298503,391990
142.624799693663,103.74967238871434,83386,146572
62.92931032553547,79.1345883905208,392210,374148
48.70038684863677,86.54540533399678,365209,276736
86.46719335866467,83.17974873301083,306436,373056
2.9301565945606507,199.08133935453614,122310,346892
84.48213193775304,51.52136623627403,346577,108719
83.50140873323399,107.43820766107507,130804,115805
44.39144025734264,163.35872251104223,144976,311152
85.91612885461183,105.60173328294536,57872,114708
135.81604693604544,30.75384626038099,288675,238117
118.95465455401092,102.7622775091782,176175,175602
26.661007143368977,44.24116285433824,271101,306615
179.672674424879,53.18921459239417,72202,7212
128.80576436929923,97.05632934622733,153399,106994
53.72913627696315,11.7782789007561,116938,195528
150.7857113016479,110.1042546362436,379317,154864
89.11958985017677,133.7715223681255,371721,228908
192.7211230793222,14.790796234974268,280822,136612
94.08181802722258,12.430817982779507,23419,215348
145.21496823264482,81.68439776316244,109444,316750
7.493948194326105,27.865742390367465,182202,63168
191.3808651560879,59.84856970824771,260978,81631
185.81955116504045,12.407239394053759,327787,355438
36.33422436626953,74.16356438218821,168448,378721
7.265218969870457,5.888048418271718,314143,83292
62.51581317355591,34.98159562135136,162380,254297
83.37362068824503,45.322031748476874,188247,4698
27.626194704325556,174.35448156672197,69027,238323
22.224910750842508,109.52498645655123,88923,112521
64.61360724787866,123.53112215011805,320929,67105
46.581405915711215,106.32252583203507,252551,75515
124.3355149086671,184.51501578686324,351042,34459
34.880348217866995,68.65332419930058,134507,95364
19.837542907970406,80.64440489185218,101448,45732
132.52743464591563,20.981812964123925,254356,229455
19.670763138254877,163.23001722974212,372440,135748
44.41504012319829,28.240914563465946,146782,390921
13.682373038569196,28.452722165101807,328768,228226
45.30391071797256,169.66519480436102,306162,170941
190.02308259576395,195.5566571569127,60083,325173
170.36092366225301,147.35616721733467,31328,337260
152.85018482714165,7.817034109748488,201396,356599
120.8087125168508,86.62673743398047,5363,221105
46.87599326511157,45.13712686444801,131749,24460
145.76053929432413,188.85916344229435,19757,341251
92.39986221590868,44.13016692844796,268685,20609
56.706504049335805,118.91282658056807,132928,204568
162.02622400991484,180.24034919764415,304442,395141
70.98000843704736,143.54277924714862,208200,273164
121.54388290452741,8.297442250126817,364417,156922
49.43656979940495,64.71999546538069,323304,91900
20.430771418732938,123.70219621507815,354784,178797
35.466593409851555,126.43733381836572,202337,123923
44.53657449077143,196.40036667101603,391299,34198
70.65868658481293,14.174456693124458,251338,122290
61.44072965275663,153.49152604966926,351061,326372
69.62723007110347,45.68778859834238,24031,191940
108.91818077361486,112.68079805364802,106815,202755
104.786244997066,87.57128409920182,25561,209505
144.37757812307362,76.13709761341796,67608,207
62.63748384001487,75.85769810344782,26838,389099
17.949515262615712,20.365889297501237,264290,244473
77.26357208673075,6.931323401713418,193057,108286
18.353213768620037,109.50834089691833,295118,100123
174.37297428631635,167.7095053869977,367671,356133
17.39219326736413,23.48688928191568,62519,237507
130.0022420551472,46.3043473283344,269099,385205
88.93001702021243,44.450686655989315,97934,144113
80.78826773255022,95.45600432990577,42587,64634
168.85979420887787,160.22765883065208,381218,293
45.89901832629232,84.5671781400014,282727,253764
155.6627866495932,6.533978358147518,18089,331750
121.95099702239708,80.17322129190053,212809,66618
12.785600404702567,24.471608383599197,326848,3578
188.61582034878055,31.535957971541038,90914,290800
44.75958050600152,109.68037157882185,246874,136719
70.57177714277002,34.510153044043825,121008,296618
83.62291270086256,187.09863888116627,318718,193105
106.80996937474792,14.031868048189132,84173,54993
180.04382751310186,82.69584807377555,120648,109834
6.253276202146318,149.02620422530566,319456,49402
168.21416920207722,162.21627312783767,281856,102262
153.76069192036897,193.11008495120097,278276,183354
123.0954060664036,157.73736729615902,277095,132875
66.81472535460317,84.43246799659235,199160,97104
195.3354919902651,55.89225262174017,257029,189432
93.8458648645138,136.98198388620355,265973,294511
169.89367639257418,136.5054104077305,34148,102004
52.9307764846057,46.70820002581698,114628,289923
10.243580958704046,146.0884997832574,283042,60643
106.5805301097408,96.23093682431566,19964,171032
16.480778052620124,195.45954483773355,126430,306514
185.95662828517897,103.50935969939798,323057,397368
22.62213525087541,72.37918718067614,287777,185521
56.93678183077216,118.74231968373078,239470,170121
100.10886157102344,55.61243063252949,94323,52208
161.19397683222536,50.4811586585843,153368,33305
19.64533048828244,62.6684902171415,230151,64795
177.42221036992498,101.3387638960712,148069,305722
85.03008567468927,25.465504542242776,250224,4200
199.98531815593273,155.03207139383994,61345,198815
107.94625439575319,91.50648145501778,263061,329174
2.9021245007556535,3.4318644062590105,303303,206899
93.53375997427051,127.40735738297599,397285,333629
83.90680880745172,192.82195977748813,374057,94491
189.09837808826563,50.73427614949851,51640,161702
113.40837698097786,145.07200098685655,199421,170896
83.03006794757908,38.40369582480759,292773,190403
152.96277967455245,148.66230799014775,206419,228597
182.78857114570138,118.07251098594679,130526,344898
173.1855678743843,177.59810030553749,140630,197711
38.925335365846514,115.06556363216865,203937,76552
167.06781817197154,178.72188642695113,328191,55502
190.18042651769994,132.89992647783185,108104,248410
105.98318939955428,149.6596436128459,186725,351547
190.7290012351572,131.19026701034136,227572,200364
166.23507249969967,124.87647477604558,84479,23608
137.03701151061867,130.85173462374132,160073,59528
17.110018309394746,94.70335952605876,128655,122397
65.27774000158804,132.62731435832782,283797,389009
19.772312442956753,34.73655766305449,210865,69526
151.99241585787283,50.00023259515084,256031,191432
62.024968616524035,138.08752756789525,33199,246579
66.15764969525051,9.829499343051651,136896,174294
28.420092584565804,172.33227429983407,269517,187873
19.931814918266777,1.2628419570030687,345379,45723
69.24636102962238,62.80697638306779,142675,148695
12.350527403977406,2.707036733476797,292589,41611
135.74913859642552,104.63012996635945,201789,361376
103.76012789829184,194.31578671994214,338006,211990
152.1194407981343,182.38228694768844,148651,811
81.82571324733047,185.41044458900768,140787,87415
16.266898918293705,18.00141951877431,63928,76104
149.90953691889857,27.674146861943438,94376,153516
189.48969965504747,47.7869794331241,202571,171961
87.2442663845891,30.42579723561899,384748,171505
137.5660219551848,56.45746183483434,247936,119178
183.75657785885335,187.7321216426021,260363,45638
119.58745206497878,162.3567365998041,61758,97870
161.13748458755992,21.873621832112555,392174,255920
42.48038955376469,179.912213108,50347,2198
60.68975030900473,56.43992128073255,127785,152180
74.43690088563429,94.44510992655276,234015,255229
146.86720711714696,177.16065837299604,27774,79757
164.5970165741543,15.928035038010336,156316,349947
166.88893160876285,100.9266764053213,218088,81822
83.86074588603,162.16042572843327,26769,247779
79.37051096749897,44.141471856567414,277802,83020
76.60505791112865,22.34573760977784,335245,228363
60.948160855528556,10.761450509708435,183971,85882
198.65913006606326,17.838864569210656,261309,145711
96.13686240524322,67.7046569994111,4529,278022
175.84596388786744,190.8953611934367,270278,231114
113.29375881340059,159.67736807863045,146572,231226
21.79969929373745,181.97913992985713,387684,71037
144.06099461294733,165.20632487838665,313522,307458
35.061555131049396,103.32940780845841,31545,355173
34.919911171367865,98.4665353988884,159976,62972
194.46315947094783,67.18435365325209,123614,38829
141.76016537803648,114.43120058883966,55685,392007
188.71967235560447,1.81561499249504,394362,243079
190.2843258970231,34.38645815567672,264583,180619
160.5466704922085,92.2270521938151,341525,367587
19.63969024631692,140.76965601497346,165334,138442
186.42988036412572,54.271628520821004,286046,327049
161.27677849270088,19.8011854906771,197936,336741
128.73521103355796,114.67371569768771,331863,366396
91.43603248530906,92.05661897796455,181550,256778
124.84447794049181,183.01926296977817,185230,374511
169.9936662368049,58.913542901272145,77756,196359
165.50874528599846,7.575307597453229,224311,253334
111.16201421750395,10.026341041947273,41549,33158
168.07285771523487,81.58133749936131,43143,374141
77.62209504325153,146.32731045559993,325324,318970
185.46105426288062,171.55079770203423,257638,49392
138.32398259438867,146.59456810707718,128849,290690
184.02012912602098,169.63943659367385,119470,194830
155.05722833365863,174.811336805273,131788,126254
57.063637719538676,108.16079736127976,236608,178766
171.97616990025273,131.1876912965807,70910,249878
160.19373216007233,30.11614534578696,264039,275833
67.94705054243082,92.02006891633727,61494,246604
112.51614342378114,83.78895093232546,30762,231816
20.622678313216703,72.09612012552887,320147,397427
117.40450580459246,135.04079026015287,289310,136871
134.6788378852216,47.05807102675158,107238,183606
39.58246827973612,185.3188339781277,51557,121210
50.17299044793594,70.33700560901191,303053,105075
13.42156252414365,198.30283574099224,304453,292164
100.39220703258654,147.65871927079124,123477,311986
41.31948343265764,109.71455448523498,150669,137526
96.10202991125577,138.76923192182713,357474,216198
21.023126172351347,93.5925855168208,267122,338281
23.42364486634504,47.380201310493334,286671,154363
76.36321230467617,39.183526297919,290151,255588
138.6612871744664,52.21139874908008,194939,98991
176.018230430437,144.7739900428413,183636,330677
192.65791091427184,99.60465395720249,382121,13506
137.9450636776485,131.92014784201857,325407,374167
121.43270859100988,6.071356409102113,101015,255762
120.69710146664812,133.62978531260043,347797,19544
85.08196290582711,51.259207029145045,12231,132063
94.06851959922017,105.49956478911363,131052,317017
143.71243296647103,131.5036278786724,6729,136450
116.80075969731021,176.36446826559273,197759,3738
32.40738915139697,4.0603798156618405,396213,170812
194.28453580473987,105.81081893069805,149953,288331
176.1567377940548,104.36893481963799,367513,209895
69.48325575192823,95.44586830766627,59384,59219
93.94758116764322,44.71621606568296,330791,203926
150.26168746961707,138.9891905276646,337740,47545
36.81790491744895,93.2777256712631,363858,302519
189.87271591898843,57.31150304171398,285777,149107
30.006287550864997,137.90324370820784,19842,200787
117.8549106038405,197.12768867505963,392828,34842
21.142957140289052,118.75758351302711,53147,127561
128.72024493396964,59.16112468725553,151705,71560
35.85442175274404,186.96823867964227,370864,354567
147.6345284110554,30.618092407032936,72177,58223
104.70361840805685,141.09210645423548,286602,268521
137.25845968636048,129.50216987235746,36737,365566
30.94235910240165,197.18757217453972,188877,11683
128.84502603209248,110.79214897970054,290649,204148
31.371112620921103,58.6366077533962,393182,289288
53.774369856530825,57.310240371524955,308805,249432
1.315231608150735,25.049672056086933,20886,373816
128.52088038760456,86.10395396601892,51334,142522
62.344706787785974,81.4239883083389,171298,348368
75.53396208570969,83.6119470538788,170024,4412
165.2690945558503,64.40904067681367,329107,36819
122.9945480974406,163.41469661981378,214116,70903
92.88829760844611,46.63170811432732,115316,235524
155.57883868417335,76.99279248427952,18771,105348
173.1060761611742,6.492967459238208,232106,272909
33.28951732974873,143.01147926458293,166816,148285
43.82455056996698,162.988804930452,138867,152546
62.54794550225377,70.97814795817895,142115,294122
161.4170255733844,115.62501422624217,261014,385234
108.89921342636103,101.81202445529273,346735,128178
103.78149979424357,10.459564120986975,376298,269677
59.06024942124398,66.43054492912773,58953,333212
60.64038774048052,86.1620605949798,257099,71832
56.21019735814966,153.77753128756117,118063,53359
135.88179523198684,179.54838611901081,288643,279467
190.32714330274882,96.05199418854725,107148,209288
101.71644942054091,88.52455126532645,168583,178916
78.3361333533008,119.87619902680083,43153,223631
169.01004269204228,111.32806393053784,251609,51083
129.5460105178778,110.77520716902566,228631,257682
183.47631066985522,73.3324228314874,167315,59849
182.38660486872556,112.01024955935243,18744,317475
168.98913024021462,94.80167754582139,168081,360413
200.25934158625194,79.27300053007757,167997,65620
46.97533682596545,182.54191541645358,288703,346446
118.20281918189707,176.1396232062906,397641,217317
28.94159486149802,192.46593171557254,136275,213750
188.24649276474793,192.01042733859083,123199,227203
56.30110354696974,15.111427759515738,72674,306324
139.34994931965625,49.40580578145478,58121,1760
130.80750729676004,97.95172353931852,195702,202367
66.64805469182572,30.209519192489363,203695,266574
7.456164523191988,112.1072437573211,128543,75882
22.663758886340233,164.37954888462406,12645,149674
111.43558466396134,181.37549323943725,125868,154629
187.9056199966119,197.7918005043213,327161,148404
177.73633612265374,162.2928147456693,372783,96339
46.906930661802306,80.62660904163305,170220,90882
16.859643443251116,48.54264927031983,304443,65305
44.73248126100252,20.80912171500663,89050,201653
187.59540877237404,84.12822070426938,225944,226058
114.0982630174786,139.60588754261138,269745,183109
47.317704135494594,29.40234171899735,353014,236851
169.71367541510233,94.06856932478566,398004,276118
175.30763086216405,113.7389692921635,38846,27251
98.8358923676767,123.484683481588,50412,129772
183.26648850887088,119.16044206125876,329686,119798
129.26658211297857,98.60259897590072,71382,230906
81.80948458865763,120.79643447619019,337639,100569
31.44330428378418,51.7760911386998,132408,249278
139.0892816746866,22.21564893406157,342789,167896
72.57605936301749,26.330847099751452,194517,198856
108.92272683708916,185.38477950466088,160977,155616
60.024831767321665,171.77394205505738,367317,379862
116.39044442331127,94.59122499657829,282328,239260
119.75097590418763,129.70533069203975,273736,254973
48.73085654429982,198.81217432300872,269706,90174
94.52515946886074,89.5808049660299,134909,241827
122.71526822508446,144.79286132727498,382316,153171
15.831758969283538,164.32610155507817,365026,140763
185.20157281601266,99.95686149737867,107306,312740
12.645066294487595,48.09519400216132,364626,271339
184.2290382336255,36.030832986081776,186250,312407
138.4114118738378,11.459767598148428,301550,252118
41.21805967762365,126.12147215127801,242246,332595
102.9735617643362,186.64409620453048,185698,321348
12.334594298050206,34.5025603263677,23684,81487
126.51526996719161,155.08854010759543,141174,103974
185.0022286926904,143.50181021904024,22669,168303
34.954304327620775,14.01752771553516,307786,266727
184.4029034008627,68.93937104787763,362832,182868
97.01757674182242,144.5627672603073,398541,42172
19.483420450906507,127.25907073496052,136316,13280
78.31208724320167,92.48196131088439,337595,32175
67.73662016411916,105.87918639943469,103477,111438
32.25573557542937,99.12534208293332,300966,365734
156.48631639253568,184.81735048525383,381308,50023
146.32284323313473,64.91987235139175,260309,36845
153.58166243698906,103.1345634725982,13815,91755
58.635993570471896,104.52154906513736,182417,214067
24.68218201762179,158.39111767358727,26502,355008
107.81862213323859,60.56290852145639,266555,133812
174.4474738115707,80.68344034780449,343852,111703
190.9070233730016,14.60329965437076,247446,168509
176.0677859851222,3.880004467754927,248922,37761
102.07666862744628,186.8565303627842,105253,156360
153.1916176120438,143.71763175005805,342668,377196
90.41074730481614,102.28201977001203,173003,10065
140.30681331031803,23.151301558540695,361259,141331
98.74955563944167,55.81432308136408,207053,112161
176.2699885694761,6.842056876823587,283219,203621
78.0025423104623,4.379731019282451,211544,173600
29.58869493013149,25.36312509412203,225207,312903
71.75122067861811,102.79033380648329,376518,47587
196.2489068670273,101.4254041217876,258140,382202
53.46577543131491,73.87320386330359,200265,279789
18.73026134385197,10.36421311837371,94806,88908
101.52149282101492,33.91838316257595,311142,44029
150.12100668172718,99.8607415973723,97961,15027
103.12845969379111,190.72137808297845,307622,110236
116.06584814084121,3.339014426414921,391217,127072
84.34950758677367,85.53724789317859,136893,3413
130.16186327934784,61.00250341908428,363636,303389
26.022525524950403,88.9115286298905,299730,284605
100.2418383284087,24.74963141263412,143618,315100
110.44427383287993,94.74129219874663,256146,297264
63.009786061284785,190.30397394901996,150101,274731
176.30920521995628,132.55503146711112,345041,339154
126.35191185596236,53.258861733403315,280403,286645
174.19841402051313,64.7661536085724,158799,45005
140.34643340176873,16.187243034327047,117474,16715
105.82665404964729,17.808756285460557,285414,17225
101.91957600271499,31.701569999171163,106860,177946
100.59896439717151,162.23954642584187,212775,238385
101.0012958826605,10.935480608680203,36725,316753
95.498848884807,90.09365918743674,278547,210782
99.0549100986824,77.30426949866705,29017,20248
10.996862296753484,105.39755389892086,371609,74313
189.49827808274068,129.9050791753123,332052,155659
187.97759649412004,47.52721621728918,159502,252170
3.682734311530533,87.23572204963176,282213,190816
109.454650008259,93.18700484637841,2146,126998
10.00809502850294,7.113104227415545,4133,171946
176.27225623361394,151.6817743675257,395163,281840
106.05970628290952,79.20410356935228,67265,352617
47.64964576901619,184.74495760033304,71191,270136
157.36536191522933,28.26332226604743,278614,238939
164.25469065869365,85.7262414537368,77070,388553
8.868238723295175,74.19914380847258,369877,380403
21.817733009439333,167.06652958016448,187729,18260
38.25460438027585,4.031787122633845,176402,46103
194.80964204757248,87.70376021868023,82441,54701
69.99531467058225,114.61043717798037,245467,272599
69.48065032611376,45.742678154802164,343935,92142
95.86483522597325,86.9408796478378,325221,377306
40.03364592229449,143.14337150306073,80651,303866
6.674788446312385,115.83590924751047,389657,216183
166.70752183147323,159.46987590251416,43669,272777
120.25745951831946,114.40848864564083,34346,188453
165.2683797429872,46.39897854973684,130703,353202
65.9917768603741,73.12732951244261,373865,156519
78.41920747033629,153.60380874286002,235453,74798
64.38782550753533,118.56674883538047,923,190294
114.88709245922179,34.0542420750633,167448,345207
113.81842027016042,87.80242778984135,108458,287904
84.75178917936802,51.34971467176223,294955,306445
192.16575333116555,120.2027126384242,283113,352857
122.63573078981968,56.42733384341222,81313,178983
110.07029154946451,138.0861534322811,120868,63197
95.75336789277974,33.25214812873186,253538,153496
60.13603310216601,119.6810200706554,265022,317255
22.962954061064245,184.65479684186155,298832,264391
122.74319727502171,99.72625183246598,56822,25709
74.6961733941976,76.46737256973876,251779,389376
178.30487447090724,11.966459229285132,263989,376137
132.1563082129508,151.02908489019964,95054,41712
86.51044748764754,20.161309863936395,100302,138238
117.04378090038786,114.87177477288958,20483,391649
8.333791253208533,185.8722162078045,157897,20639
79.2344157862754,189.20963297282327,362208,255624
133.73086525015003,67.40210021412375,48512,253545
177.62102080020892,59.380177327376785,345923,66558
38.767725822520646,19.417299732933834,381584,327117
196.42798467643934,178.62265499262887,62222,356881
116.53823743463668,110.919973437605,105035,73910
102.79201778618182,64.91805095846132,299102,164902
27.15935271273041,153.68455134797085,115102,304524
27.715219661959612,3.810194576108838,47621,259023
98.2531684159083,146.7187857768728,54031,366926
107.45957157621139,46.31208723642849,5246,70009
117.89705425591247,116.82834867153083,282997,275836
181.2600010995992,14.684162695438474,174259,264828
120.67860022182457,152.39969646757416,361737,354523
138.45698724434624,29.933821541620418,77815,330520
32.23917477982011,177.88904205553277,37367,367927
137.7340402888723,117.58659746965809,33060,340042
50.910594274906394,50.41093857080793,156150,110230
86.41110037254397,81.25135055843221,3091,371905
83.50260579313354,36.82888979681843,350974,40405
131.38704143947373,139.7524553469126,195433,280717
