8152,300,847386,53,0
54.998422416606005,21.09655772127296,24120,249465
177.1986015156491,141.55986420712674,117122,210294
197.93544908159012,70.76258378200782,339843,321562
15.284785164832304,159.80207393778286,288078,161709
134.39433714749893,96.45892344297994,211679,343682
20.03995669875903,168.92296347840673,383905,282669
186.29881096248357,159.90935313264012,17495,100352
52.173867560066086,5.847762491041541,202560,313684
14.737908382178821,10.818135857473653,13171,364272
128.40016295060684,121.27321705675456,270380,18243
158.9436454104035,156.42109317362042,364458,305696
58.14760305981464,156.01172336036933,19825,105659
14.773701328889254,130.75968005845863,121384,270861
29.547607598880077,107.6348460910953,19882,157851
100.0770890008778,125.83530026666975,76857,379678
77.01763215969925,18.624385832429745,24688,86715
32.95307529071615,2.0264555218279963,261210,396965
182.64570292585006,113.47406394658549,249374,253121
17.524027795575236,41.81947310943163,79717,364400
28.621444007029183,43.319729990720475,156648,234636
59.37650236489432,188.2726475849986,167741,371073
45.53516819958855,187.90592673232376,140036,318429
197.60241739569113,141.3358928980042,246347,84672
143.23777448362986,50.59226799703463,84362,181536
80.08833947490216,129.19184461635643,10515,160650
3.2519727157148566,156.60941144745928,315464,196806
170.42661128459753,170.55214685612893,49264,74403
24.958827076862242,131.21196399504865,205559,92974
165.00222084059087,174.09246135877206,200646,270565
106.83453510130626,155.43965952487846,303019,160941
133.26448493143715,144.07428734318148,360353,241368
198.13911324990875,144.95884174934406,9696,18385
148.11782391536568,72.18872738196417,154926,357622
49.293866645481486,3.359305566911785,3168,17773
31.331883231561875,174.64984866011255,91012,2742
28.736194506837077,106.14666912021433,80117,332150
44.822859504959176,194.82089314138938,88386,238112
52.690748785064066,75.69345249809545,44379,332970
165.91575796352865,33.808249644496016,199026,73878
18.80374654220308,20.16314846469963,118155,375636
5.956682286708214,27.513561030303414,12621,98112
156.0844460851946,99.84578403495709,398009,219123
88.97514805392215,175.97640112355953,174188,85372
47.59280347941003,30.761561155666495,160353,218477
181.94490666902718,1.2264272871121857,127577,358925
178.68753338707901,175.49607327699266,17043,329686
51.376974987310895,199.42775036818057,309037,379244
176.66226761699372,52.09690934887233,229207,242609
162.69715941455354,132.34696936237003,7075,301644
185.88198477256662,119.93215501226577,79651,252862
198.6815144419484,126.99310964857953,339252,11134
149.09515090578225,192.50723178200633,110778,347227
70.09289675997944,9.919943955275256,217846,33438
7.8217998052532485,156.55224622282606,333171,60074
53.90007110964318,67.78215703027305,119861,94602
94.36229227251476,28.79866397587999,236328,14962
109.76308970320264,6.303907833150768,291889,39091
51.16782652464816,0.7063510915108813,288832,287461
190.9053005274683,168.23463914242387,224732,395149
0.5705920765154966,160.30054651350747,399863,376248
37.508304236015555,193.89025330267876,63421,308527
104.07080075179508,151.92819771895034,243894,319523
185.18246178411457,76.64069749067909,399494,58400
34.778148257500106,61.214857448888495,389339,49025
163.07661034434312,125.71553731438608,101213,207959
62.83878157789834,75.24212310887202,273721,363638
130.367558757746,29.840039246206207,45621,132640
179.75398465803534,57.79181261371856,221690,274562
200.15750185133578,181.7432759997187,84241,102614
105.79571055772409,146.61193684324638,262792,15854
29.526297031188996,124.12997568935918,370092,141477
112.00537826729857,83.62156153876842,24306,203133
76.33081917860393,195.2865948211655,864,332845
5.657845165758501,148.73182710681738,235372,51057
9.385506411906974,154.48268344231604,59125,118636
171.0910531684807,111.83947870717162,347683,371085
140.3425597091737,155.48853502886286,194456,298010
6.325412220776416,133.24197000646686,47678,4623
163.7364858642635,196.9923069424669,22702,317763
64.18391743623536,27.300566563884807,242985,152169
46.46214656982325,131.97200848987754,136397,280052
193.30694222162003,14.08451383085768,214277,81166
108.98760373889488,69.04292390355126,76456,207528
12.542244317223094,184.7860987529541,96116,239438
156.8086503649243,186.71682414469814,363851,364934
159.06415274376283,124.0982293471819,156886,250309
30.351246684198053,130.00858711714187,33748,49902
177.9935685615758,1.0636500650977982,63940,36013
182.41620841672332,125.91648397847074,188952,39650
5.38549820756754,153.08312327522447,57778,242087
111.40801946076894,182.36711866067307,179761,126311
7.730820495577417,49.12930273165846,397502,276096
182.44174253997167,101.01267474078851,390383,200260
134.46693419151475,190.44895369581135,98738,260434
172.79895207086224,98.92946439289966,54979,99734
4.665637458084115,62.21872178664886,110733,116175
158.30081876477746,93.30085577014738,298884,187543
58.69854740736854,19.194510051443093,31879,130929
97.55424797206899,36.45690000663567,110951,232741
168.27894243151894,13.181567806228578,251494,11209
115.65040980302618,10.445493953150342,163217,211040
6.22629406289018,150.3472944478448,268956,342050
191.07493879763905,99.2585771021544,81004,244117
157.3544068128303,11.571604823310576,23311,212138
22.02000215865193,85.93891416016889,250035,311926
15.178126530026226,148.12603801976007,248069,59274
13.041607548245203,88.43229154036213,85712,265841
101.17548978604468,156.31247717391983,358795,192537
161.5254561510843,103.98302703802317,148310,190499
94.0142783309816,175.9713508860655,141080,371592
26.53214835497809,113.23156228282357,361839,13027
129.71225282470945,96.05724334155784,105949,39389
180.48268270789268,72.46844329236627,39522,33636
78.78174989898629,192.22252211145977,166676,344670
36.38840922585261,150.6125710805242,19200,379620
106.01937219410878,82.36725589954429,159141,371625
28.871132692756685,135.67093489735544,210234,271609
40.12331290206205,41.601438584317364,184091,100255
34.379240496732365,117.33465356984637,392478,30378
125.51207256751297,152.59401775898442,189193,239415
32.479852753336324,155.9802987442077,238855,279185
83.71167085994601,24.79723939075199,128606,46311
132.96547947390795,66.05852112486937,261456,263751
96.9820690969586,149.85534098267522,166884,175857
79.20167269805223,100.42227241001848,348280,340946
147.34979621792053,183.32829394251561,387725,165283
152.47999294130705,132.7065447463595,317558,121650
139.16088149531305,176.75497716123212,278094,94855
170.32393535981782,142.92918105086224,262175,280562
126.29868246898944,110.49077685345327,53963,241981
128.29388443363786,46.919864247772445,372397,280731
14.333185141470983,187.50271385422116,362725,365531
173.79692666794404,37.26053178229779,36482,272895
155.4640904399174,191.5860020941625,68173,163266
125.04773255936627,170.7673241703167,324368,6869
176.9482415784191,149.84971901448816,363081,80130
121.34410328952005,28.169923236299443,229396,358236
142.89425001084814,187.75146930358153,9149,248122
84.28448371171953,152.9316130284056,233887,68173
40.37269243809022,153.76174212423166,158437,264387
14.910823197688693,149.86007978904246,247253,144081
83.61066688418518,7.603370607578308,84824,179455
189.82851730281135,176.41820259089474,151614,168823
158.87330945320974,8.010632075502976,103819,100575
50.33132679606537,10.963003876159572,13278,367477
86.11464049215977,159.5311545719519,51125,57590
12.01317491528756,37.403124451624066,236028,58148
184.61372244888972,48.87230198971187,111812,396167
27.226385133161035,84.22769633238921,94618,64842
15.982230667800856,144.86751387036765,22684,306034
87.36684251898195,121.15579635710606,392983,10494
90.89425299095032,86.87733239496418,107803,380180
94.02683391754077,106.7930456459058,230339,199358
1.7809325566078833,138.29002176963502,358403,349898
4.625520988801368,138.04355112105873,25919,314287
53.05955048515189,38.06791769349503,35259,266940
75.65113557265221,53.36897613421646,36514,103128
158.11146847664696,106.6934018707692,386428,162260
100.94762517746506,48.44471088470156,377045,161035
147.443770534603,25.472953181881486,187506,26051
48.74782564401404,69.84406601329009,3514,314284
158.8984900104281,41.40428729094624,303301,239922
123.96452170326742,139.9674866770924,243774,156097
66.41858939238908,194.52066113074463,23867,331099
165.5465293360776,148.78335612354172,111200,249615
141.12426676652873,20.993095052041667,224715,52272
85.80820538079227,123.69216999250646,248362,132956
154.05448356048126,162.86609309284518,74885,144438
182.24411622668717,190.97520277573994,154545,382623
35.019798796441734,183.0704519070855,179563,33504
24.515258610812907,188.22452011095368,19770,236906
42.10111437835434,120.6185941877342,285910,246864
121.48523998369464,28.63149010188185,47443,30052
1.2980577193098082,163.3384681273664,163912,242253
96.21409335443606,191.16844342485402,357249,121349
9.937938503871734,111.21216865043188,172699,342820
190.87949779087765,186.0406885522797,150019,155961
9.334335541720417,158.79989899706982,14703,200046
148.26023292963404,177.1964799763276,242908,223611
104.84147744743598,156.1694596565736,311193,343553
90.63004678475289,22.418737718138303,192682,192002
112.26914771621445,89.41111025874814,79086,101683
68.99228920423698,190.21684052300114,52605,311510
40.36098105489506,38.76789637846495,382434,30704
173.2315576345018,39.397804381173,151684,164475
65.82922595601202,168.59755000417573,81378,310718
174.03904073569709,94.20610852169095,366007,264701
140.7895676696556,132.12438989948515,342405,64703
166.82800419668146,142.03854149009098,281558,305147
197.2326722390136,147.93320299727847,376157,32423
72.11580975935648,33.09699404998469,107424,179109
118.66321333175436,46.4726786706105,49635,274585
141.2036922399551,117.44657014162343,354762,379176
58.864464024043336,174.91839527906185,218550,173048
55.006242179117706,44.68088266977838,384484,361688
59.915244455225015,78.41540616152355,319926,191780
81.513752994177,139.01936800697925,199376,22907
198.47899172810773,195.1730827597531,102360,137553
76.93328108132623,196.80518276029284,69375,225130
47.75936429286837,71.69062345036413,220311,219465
39.74308959443048,117.04494218385499,288925,316030
143.5064368577844,141.4955553030282,331595,17342
27.7810854928748,36.21580680400584,256224,265211
181.56952539485584,144.50041363034975,384992,39260
157.5156153756617,197.81908092757,368114,367132
31.61028406693226,182.11930265005242,318714,205033
62.637277150887925,131.2154837740359,77835,82315
140.97022270027688,2.7069761092578855,319468,139291
96.25841639598899,63.64322373184533,294387,125528
22.96348293842324,49.133706843859926,65724,259465
26.88291121934513,48.8788302132647,115489,103200
108.0462424257321,41.20948451346226,25355,101372
171.85830189403686,105.01034889250042,114647,352279
101.78103944322248,135.41683632528344,186578,232292
111.56519327773721,35.885454173158905,75282,312050
192.02596448593195,137.57268335052973,86287,73572
170.83096832937952,23.981483775007405,66044,203533
115.46728374843168,34.56160503363378,110407,209389
188.04591977405715,169.10273650665448,195804,51720
100.9879612943843,162.48615062277344,216193,200990
23.6559276734971,184.20098129727015,234411,229977
109.30622368737605,103.15931769124705,70703,118439
3.9263660373039517,7.870113507870446,48618,175623
74.08558492802337,170.89084805357555,87703,362668
28.313006577875953,48.19369448344045,314544,292155
192.94376138917494,48.43738541920711,384422,382378
174.0071084006408,14.507171260612928,168581,237856
25.47987956649219,195.61746346426378,118480,60352
153.1891523482862,136.53284719873474,41585,295978
121.98090077506886,86.63090697316402,83891,83582
70.54924169072773,12.887984745359383,209968,100799
57.616200433725965,142.13884098002563,220115,305354
103.40708196849636,106.16238435316275,171025,65608
93.81731645711614,78.60049469394131,140137,183152
106.36107106718427,126.99462391757244,220336,169628
176.67544004032544,78.5465865359687,3966,298975
108.26007412993411,176.60316450322986,304974,283192
141.45500757867293,29.091681416572513,26157,241317
112.24229744158022,182.18293405653512,90657,41914
186.9759348058662,29.119797144326895,325051,302804
179.8200296837372,32.96749476420487,5187,34312
162.2920921851138,34.663932671263254,282226,143645
137.0754986504134,61.46407341196966,6200,63771
153.79747465162944,12.861631638431426,112236,57773
103.91879525686832,103.65189070510087,92711,204727
41.00704324242525,182.70019033816243,140936,178107
44.36248023258994,187.42557144321094,296087,45425
105.5442218451209,120.13726415978935,194209,378147
54.58546126916151,148.2732654701822,257772,307315
116.45405590849586,40.04059311385545,312141,160508
143.26099100151748,147.48604648751137,222102,257713
196.35854271097605,91.05456499563729,310291,208034
71.65526688119719,197.8590038138833,394913,394802
2.060475044373355,24.66698486460809,50470,219312
175.18491660975363,95.99792130902853,283270,263240
169.2431661495554,148.4867348533262,250777,350262
108.64843239962526,64.49681435048336,179440,93711
97.53761515484652,127.49740833082085,298489,167281
78.78910913712106,151.28289205883914,187168,202073
47.444300913127734,146.64381005394438,42299,345974
144.15021292738547,81.59536450577343,152992,260682
26.7865143415697,143.7328529762479,341990,174107
76.66765388674082,159.00518011083892,191365,99228
138.29380141369475,22.85784487089092,172301,163419
154.80607886081035,48.60224737450699,319981,207123
102.70054898637731,184.33110154788983,65090,188700
166.3522418963225,115.35791180301929,312114,159805
58.903573429783776,85.75443385178654,349589,49694
171.67893022236635,135.47095856844737,68427,366729
154.1371255563016,168.0655090989118,388447,267699
56.20515782476988,34.35824784209617,194687,259069
187.05095812439305,37.240924353473915,200266,303415
184.09796030360934,152.36397155966313,94883,133778
53.65097636416623,43.25925941359624,339410,10391
163.5591542125374,103.11725911247714,189655,132452
103.28893717351485,8.749578100334576,6858,396883
116.26160200915315,109.02426580916443,164220,178783
56.65191732948024,55.66849121248677,188210,85788
87.96433451144264,197.27083409370226,81992,106297
21.760477137682,93.93175146088673,199321,334579
81.73985803443057,175.94302154059815,50451,137807
3.470155574182054,65.12049437381891,177626,311624
186.65993886256393,25.828176559344605,32602,39752
107.39152481692558,80.5069041487182,39795,64630
19.654019001043523,15.896457637665062,289142,69190
145.38273558560826,118.39600726894062,281240,78183
112.3968210252254,140.51483885490393,343564,267938
146.08255106932162,123.2281506295969,393117,141962
33.69478577047838,179.62011276449482,23114,266006
33.974775389616426,9.477416728196385,8653,250655
25.49408237941587,179.25746463133066,228795,348611
72.21383234264506,157.93380685130987,355238,314244
91.27232273673637,53.33424250948947,390400,377361
160.2796657499781,0.6675151808329334,286510,396060
62.521296177786134,16.777807309564253,77478,171330
164.2249344535823,133.41224906917125,242066,200594
194.97495217249642,108.52918275607398,97394,271049
45.962610985595255,39.21624123510786,259586,371102
133.25544298726186,167.3338457663991,199578,295966
94.22425904015873,33.31516800078952,163092,368802
