7866,245,319059,85,0
143.4652416044067,113.56432057034618,381712,273780
74.16363416504713,194.44566656962945,133802,237508
145.30645857360096,122.84676935496178,181995,336157
124.68833562855072,166.0280791079075,269600,19177
149.16461785693033,84.96225421241726,340452,388516
85.75489385695606,72.07589479189157,261089,12320
114.34754743934789,105.44021425732507,355789,387661
53.86496038411265,78.81951432267101,175419,171094
146.72189169248705,109.21740429277492,233172,291738
121.24332819891195,23.87049919722467,134330,58400
40.8525283194869,67.4689297057523,27305,52022
176.47042081538618,124.09494126249808,178854,393752
196.16182315128137,6.254420718155773,344900,105026
18.35359649193994,133.6139241184492,289984,283786
133.27018849286745,16.942263264553535,223358,366779
131.0602000157546,133.1872176933423,226076,165733
56.29055261483718,152.6453995148608,376514,305115
26.568385417727736,90.15355132583521,372220,33635
133.43106482748803,134.79575579805555,165436,101024
144.73314289592346,31.6597838888793,294471,147674
86.38236759622299,189.38292739231755,116804,300538
119.72278731893195,63.93294414313401,52785,115045
32.5737760604008,97.5446623127683,131544,98802
166.63810424495128,47.02818228444304,73943,137987
166.79673820819153,178.75464582155408,278427,184444
40.540110867064584,7.3930816219533675,48356,268771
12.60956992539407,59.81472309005776,161399,210040
183.01613208784707,108.66929036194085,182632,121311
41.42474085228728,136.60704519838006,232169,310842
144.31488703414297,82.72667653201188,239363,389360
129.6844353298141,59.85436992294449,196353,41650
181.86289493142118,85.68850573274489,251633,178113
192.87192544707014,107.10675578632441,292181,366120
152.89425143410028,34.72851552342261,360460,336841
149.48089414706303,11.327953004729519,150898,245603
188.61638012807418,107.14795501667703,108076,104993
88.04230799647074,156.67771113166586,136006,7091
42.80409205026457,59.492551423516645,396682,84126
154.83445204619,113.63483905753377,355551,167813
116.3452091320737,126.44162990813378,298967,39318
177.29622956776186,42.113005313288866,120001,75759
72.81173356597718,71.46429075062822,241779,396730
76.122435567625,50.69459309363539,110075,250703
64.73324877576371,127.73614007165229,199437,44668
194.61238497023936,54.93056791621588,275448,225199
6.412211785272858,41.86480945724323,394921,174394
143.51584159539323,154.58372999730616,124397,112787
161.72642962501732,127.27859070483926,380715,156742
89.19232837361369,59.86196682159343,273292,329263
103.67052596132743,70.76062778517806,33729,126724
27.567532744379253,185.60484797059513,280554,329107
70.02809908637627,196.00595168726412,254694,85174
120.70346670149003,29.934174763180888,351837,246842
44.54749721071375,63.06135012023003,195038,301798
120.7430154065824,124.31426227761425,235128,233613
77.69947762461896,122.27297062293948,150098,244310
70.86440787546157,33.92422625062254,361673,142266
2.2823443476379097,105.48493153227085,74914,342182
17.382814417730096,183.72956849020255,222989,185823
57.94215221241893,44.64870042085126,104608,230168
163.3343401936971,54.0371605063764,233472,219011
10.600164733625029,87.03812985700446,373852,9798
173.21824958601405,131.38392130663487,184033,55012
117.70975779193175,14.614288482281978,101557,337695
141.8758932254004,2.4779034201466095,48845,290772
162.45800560915163,169.8175877524204,298755,82283
167.94526937156473,161.0890302296675,365602,133390
58.11646145246735,197.62769420436126,263821,79344
33.51883648215824,65.15803157106022,188931,348752
40.73847520338546,199.94478896497046,20940,149554
155.49378064883277,173.21428967738217,274433,126690
41.68002685613653,88.4036477827519,297825,380174
18.959670042503262,29.098710925737226,179881,233202
112.74509026344897,50.205894751403655,164498,30336
166.5127588742839,9.984723812368024,250581,143219
102.25764355700225,102.39012463627729,366666,196044
146.69001484532947,147.16141652239028,253918,381503
20.54898420079515,6.475344994082343,212259,162483
126.22419302805726,148.74572326639597,96525,32943
143.102963868165,10.30528119547943,309903,58546
160.35462416367977,159.55830835646327,371329,243807
168.18177270546894,49.25991328561018,275527,384311
168.18175149116544,181.33789094959107,304370,232392
46.793173016731124,106.23175448038236,399815,83756
60.59743631361501,126.16448796182834,341114,240284
144.36483979195472,39.70762422180337,340696,136210
60.60290683617945,101.67065554194429,250603,41932
67.84512846553133,142.1478529320535,365671,141310
193.16214382352385,126.97471532740373,287976,244021
125.9104826874627,196.1839379187585,390871,257763
116.82598927822696,186.27851399990658,298363,172698
194.65999612040838,122.90822825782239,95423,270938
44.27136605720222,60.11731222550868,54348,291851
82.12576923622176,43.025207827532356,219963,369835
35.07650059404405,84.08925166475997,80065,265351
52.006122422442836,35.569172867611,96136,27452
132.31643762831442,107.65854756457095,174905,203320
144.49519039841408,27.337377257505104,60752,176359
105.10988451977676,31.82858381973753,244982,148701
168.5701478084192,85.58668253260736,394749,166332
11.647619809835764,149.00085722202462,217180,31139
118.61358761744424,32.71567013574123,45603,241612
130.43060438673524,80.43120325473069,152178,75975
56.176675136887496,29.79816479335894,26649,351573
49.76233169952832,79.99875459816174,30132,176761
196.78605460734116,70.51876567342113,51542,161975
44.67038433202571,55.52333433306086,111451,390987
138.0972339073854,132.23146138573486,26213,168442
103.44679407234091,42.98645505725166,262866,271570
79.90692502204625,99.8388453188718,13731,386953
149.34113541404187,81.48735113389198,122276,331471
123.43939233284692,123.66775310521145,267569,102023
102.43437700028802,188.73169929765163,89631,266378
136.175177060182,16.566689468513793,385367,239412
167.56099053624067,73.81421941996953,200596,176852
152.9274125982257,119.51762708912042,297468,204039
50.9016414463903,175.90040955052473,114395,102126
111.89896201979795,159.95880605191894,239571,198746
94.48460692487886,48.394937349955114,210373,278968
138.4559348229318,142.95246709073194,48242,398538
77.63094959161255,166.9372771761594,168755,196042
66.0872398475815,11.87133370049066,76807,209100
130.0518017639135,9.097369725863512,205441,135341
184.61869448956162,111.3661117076537,135625,376421
104.9263502138335,1.3375587008336405,296822,158610
25.721868580728966,109.33343207077989,169470,189856
3.301286973584327,156.42022892501595,223650,86988
14.984385981098447,74.1245329193063,82945,242008
64.37713161852668,118.10581884004986,109529,119536
152.54871677921835,155.39044007552462,975,110728
139.87921006313118,10.211309461347351,376948,182505
129.21230094714662,138.1941445062692,361683,338402
164.32145821964474,58.767486677702166,325745,273414
174.92177641715264,96.15519699200013,349935,275986
185.50490073456768,158.3822475784513,252047,228664
189.1705166562147,85.62210497624221,19779,258859
109.37009004556766,10.619582289677886,345583,249832
69.67950551744612,133.76340447645885,346241,90345
178.0390876761815,131.2476424823964,226353,304453
73.03981213435733,172.97479045953727,299015,127954
186.60816762438935,46.97717900413819,65236,37697
79.22796647321492,65.43702005355775,385460,257832
159.43271092775677,157.56135531922908,87452,46029
145.95676727089446,7.723527345125702,315569,386810
166.10076925395094,86.99249649085596,250098,235464
117.95061935182429,178.11727026153923,129105,239233
36.21715735234111,83.51847729005635,101054,87458
174.06986378593473,120.1993166970506,139003,237343
15.085801015077116,132.1938497789906,252480,245648
59.76001661431683,186.13682752559342,344730,118122
33.32965966050606,129.93645548861346,93246,62457
155.9526096427698,92.12126366808496,107114,104771
95.74555640540524,40.211994215386156,10791,78722
105.05176897603519,176.1583682533555,49970,28267
140.95035057344205,25.524361333999078,21343,25884
161.13816142291742,63.836128304796866,54348,142344
5.706149049024944,168.23169139273284,337665,86104
0.5167536614811503,19.11469578270205,69588,60968
127.66032726226032,185.5945785200008,166659,45740
50.110118703432505,122.2892774098163,362872,212303
128.42174611575138,59.526641763838825,299413,202718
129.2125491446848,23.143325280407133,322924,132338
185.61282768465378,5.7664152830451005,264985,154216
103.40453079781923,70.38007227217874,24010,328701
87.35847247133991,156.0063009159833,209762,333370
0.9906281631418485,134.51622227680957,84669,12324
84.54249721587946,9.15655090210582,246596,142005
109.54845986558125,195.73765423698183,393108,172851
43.400512517067234,98.02328584974536,330957,283397
54.820996496490494,145.32328308805958,22321,388072
41.32050156097989,123.24649576150433,242768,367035
152.38076582741252,93.08576308802145,283411,17007
139.15889526959938,119.76052914443352,55402,268595
134.7513724407049,137.1759353074899,316627,398357
160.39605146948088,169.06254492444108,140624,209055
197.87104323745268,149.24813379989314,129427,15926
176.87115415675243,164.33754595779288,188182,10469
120.18325875332756,179.45493176213247,75542,110704
67.84774029202254,120.49906678363263,327727,343778
8.8730449562339,173.4787988106862,397182,139357
18.33792647436522,27.34552585100455,102424,341862
178.84262139511924,108.6344588642031,317507,258796
47.90091817748016,35.561230043050664,76335,304078
113.31911451006484,48.18440372285119,153932,135519
15.85034514430853,90.84132924182106,354660,49071
167.26811922989617,41.97222481385975,278251,7493
195.6500324009854,173.9985860333139,64174,280409
117.18262505410961,186.23853154644272,104521,367191
22.319896542941276,31.900666134141055,68585,50974
28.835280614884507,124.36322108556801,284790,103401
23.357890032000693,97.24631003439569,285918,244072
188.1055232855389,10.9707888173861,344405,132853
186.83020120751664,80.65115604207332,40654,359381
33.28014219545362,71.4125216304951,361658,291481
200.0863601159255,96.78609665207814,102875,394890
38.90861806348783,23.546170264136222,139378,19055
18.58805030535867,162.27621038921782,17038,170755
164.38138534772813,154.7904062188733,53114,61272
65.54601884205697,115.98414144337909,380765,276349
12.272398438892528,89.83320471604411,211927,191359
97.75879423104796,185.80103716249627,64679,355962
93.90516961132978,177.69080241300017,46855,34845
38.93503887725059,18.158838133146016,184214,291604
108.69652522720457,164.99196779715245,274141,245502
125.92897661175438,39.54233957860155,366637,14150
180.11220060370658,108.72193415459131,314048,80919
42.17029872343706,10.076242825381076,167513,217268
9.41652343563436,178.89604023340408,115639,387645
141.94699099441388,118.92364181370684,299631,218314
198.07196011764378,181.8158398858886,221245,288192
174.29673432680235,55.266577415422816,310184,116524
124.27636540490866,29.13524462874263,312278,369539
80.65025822115862,46.928401936064056,258027,213899
46.724277639757986,27.751231494092366,397697,210070
109.99349107818492,5.50040369933763,278067,102410
41.62613076674092,170.7287348339587,189748,264140
22.495304816588778,50.78352567462812,8766,65643
84.07365757957243,179.64199525240477,170998,21121
49.9784969189078,141.45843354199732,43361,170002
73.13407379888882,152.81098790066676,44738,98494
71.36495203539876,30.536053014226006,398854,349986
17.097310970775993,90.25146944684688,312152,150686
124.74574561207942,45.07415949836609,65596,45252
70.97285626928064,32.43584515364489,337441,252837
5.834491282947296,96.00616840922599,334959,237293
16.89288751716932,13.250375158614723,64222,236612
145.45241662026305,26.223943170668395,246822,99010
148.1599614039288,94.27679463249416,127683,110754
75.93676980709057,58.170099878753,279254,3092
142.28742324038103,133.54414129378955,270738,248220
106.90580947424976,95.38437868787352,19501,306385
154.9026365692598,122.38429095873666,321338,253821
162.9736855403269,39.34653495705051,308038,144926
36.574223863381285,183.5532034041029,32610,92211
77.48281681518597,111.5721179493124,44445,42468
154.61799047808756,6.293881200242779,184081,286801
184.17959773763073,13.630774571350056,322772,99769
12.239720606343251,52.837593618372644,158651,226972
59.447569664407794,41.326714926606144,148159,287104
102.86927998414205,118.66157895923295,181638,201589
107.04980488527667,104.84096208807912,270556,215028
57.487745398107116,187.71502346344676,341886,324811
70.51560031391436,39.69221273140854,53097,30013
60.77957141241167,75.23592359134753,379088,90447
39.90520274241916,53.81113588656837,179833,334433
