6435,323,494423,61,0
25.11251833400029,122.92433056867814,58920,102087
189.86874173098028,144.60590785569443,344664,386544
164.0310398280317,142.592522632382,260551,16401
176.0943543032938,6.379188795244938,135695,216318
97.25422982872104,131.64912996441788,352045,187384
2.7975226747026456,150.71010929625837,228062,180278
87.03421025288132,81.46971381782116,115704,102909
78.30929765404123,169.12628780835436,174265,303670
21.76266148560878,121.62861865863165,141777,201031
163.01270260470747,87.93785374915561,346741,365724
126.0167440221197,151.9602998160061,12976,41889
139.88415883187685,142.7852364853989,279987,374344
176.82421338799642,17.72746031850766,68781,377437
57.594983732288185,44.53666228103147,107238,360134
111.8433079713645,106.162926118354,223519,560
43.86370775612872,82.3183262076106,103989,351593
62.712000068499165,88.3379800778634,26717,180874
136.64689345660653,184.97366073849614,88811,348479
117.85499702033705,34.52804711862526,237330,373104
41.33438996549946,3.0326714806269246,109381,85385
190.30206233926765,53.567933756895734,335210,268303
156.06949089921818,62.33544011371775,392266,163469
198.70148880778413,166.0585868474222,76179,184174
186.71591369390617,145.17891299153015,289176,381459
59.21530252563342,46.02553470190441,335519,49310
29.287002885093592,177.00032463022845,11188,62373
12.240717089577757,43.43147388103811,160881,19651
171.65838765340095,22.307152855774483,94974,165159
85.17381492576813,27.882147799988665,314844,143880
58.29904479844815,43.32023933726744,286100,390080
19.34858225883075,28.38056081159698,149168,253162
81.147259381584,153.49606263623699,673,210297
98.85547711318418,50.90086449606365,321495,12334
175.57289965791938,144.99442617017104,265520,48321
128.551551537949,60.064372531308884,55440,38496
190.92626269655344,107.89144980418767,22175,207457
69.97609832844195,147.87697756381652,181797,87313
8.171050466228913,147.51276005509195,30646,77756
193.21529078701178,75.27487583695903,53780,178404
139.60614278886933,87.06085668198837,196455,306936
10.52369826087406,64.44430810840677,246130,372145
74.14213210138655,192.49167329481023,138064,104149
78.59280387769131,104.22624901887224,36979,210389
41.83503648110563,36.491146571411115,267404,278517
180.0147351900105,79.45895277197651,176930,347955
38.586126465835804,23.92094558716672,22762,186
94.35583882966209,179.29552568711995,349031,101667
160.66394647584866,12.126209686623646,24828,222069
153.33751641525288,20.179983945396494,22489,390307
92.93750473851237,90.28504039286994,58213,994
35.30371630988479,36.469720905531545,394023,369824
27.74873950865785,31.16241225729933,262384,200690
18.193275345418648,55.22438371700319,111175,136183
175.8928909244701,29.217863653751774,20365,9348
88.76388802640501,150.38687605110667,343071,55507
189.2877980073264,108.38956009387863,165625,210857
144.34071206448075,143.7813421962371,222786,331567
128.0424847721977,72.79526788336058,278122,152868
51.769012211979124,123.74134592991638,37451,272527
63.602316128067294,20.18555502065179,164813,319066
10.79512591290629,133.8287941208103,152672,106535
164.6474521299498,111.7647780265884,279608,362932
54.4155566634055,50.456341260552286,156744,5052
123.02403037558875,147.84323125517858,5115,229332
89.82862856615313,35.10298145191318,299504,138540
62.13820665568358,25.957489141668745,190332,114717
107.87927324846555,189.40965189538286,96520,45157
158.2630256662335,130.22811374809476,199675,7397
168.0630430519772,144.32954443421823,388288,372632
183.79133504909615,25.82225106735295,251983,142789
86.38318836271998,121.63122067787975,357145,32045
147.6859838277402,2.8362205095102784,157146,321639
135.14276086801317,70.73250207275922,102876,261173
118.6757811527576,156.46770784682369,112245,55562
11.984078137470322,118.77413947639971,214638,378200
36.943135208499086,16.141291657938574,34353,327609
189.41971665703915,99.09534508624373,251129,102571
75.34162951896181,190.79294844496826,352001,319816
139.36372142612936,124.2933013201602,384032,182120
136.13999389460847,10.691177951263587,236776,73842
197.77831835181,135.65611853950497,2711,322616
57.85772034335789,82.23290023208273,321519,152171
134.88150004532955,141.14897365910704,211889,35869
62.257622538321485,79.73340592457984,393918,382834
3.1732604668191273,108.87641060283111,188067,129648
56.68710488385248,160.3399521788827,245275,392076
9.965296411179303,130.98508734812648,340877,49556
193.78325917142888,72.22027765634698,51356,81477
198.64853441980003,142.63176568873,364235,291645
10.52216262529545,133.86846978232023,146363,269443
3.4878225866991848,159.6151607430647,321764,224677
62.52062637232242,79.8641443831315,283721,359072
80.55128968449596,83.62898539814022,201213,242682
137.58401573452628,116.22432333537537,334443,370735
111.09599358194943,72.28132407978481,100343,36073
184.30734573045336,11.483807071460184,139208,359651
156.34944552449852,47.86352686591716,171703,373748
196.0236987369301,107.0868184295492,394476,26686
31.531153358647234,49.53489234720668,184814,322409
125.87446223815067,86.20338237600474,78998,360689
113.90734643458975,152.68806815399273,154181,96971
112.94536289403271,51.705614725752426,319665,220785
140.79829161867588,180.7196488458981,258743,100708
119.3410947313844,174.13514306415752,147780,391203
159.2689375931517,121.57105184181268,295286,229428
20.20453202535216,155.82078712203418,303689,305288
114.61274283221744,96.92189059992121,355411,317024
68.8448621551109,178.99830162729384,170815,187221
98.94347287072432,187.88196575281125,286363,346876
52.517386460639734,159.3491598701121,200931,176763
197.8731347584007,128.88402889620403,297746,214409
145.56667967896675,91.69593288800503,92979,240904
80.38376615626036,82.04772248982538,255336,177418
99.54969798898347,165.92570448635055,50744,161952
66.97969498049203,197.7614165847636,241238,135881
137.91627285627078,147.19254483517838,229865,390202
110.79264010623695,63.18254987325348,63504,67744
58.536982036620685,188.08382218426618,281577,192012
146.63728170715854,107.73481122306085,131122,323714
112.90254860119869,89.10518581336756,391524,19857
149.58829895779297,151.80139053236485,324414,96288
7.620152315071904,199.3037979479651,1247,393998
127.35289087768818,89.37377771183746,323962,273771
152.7208781625804,87.24118512109696,340937,216755
113.80475380559828,134.48486062492023,239188,190101
112.46384824578824,184.35401128198615,91845,270431
83.15768491507552,141.2790907049826,155447,263186
157.34700206784362,162.88603854383257,322853,74090
148.39877527326954,144.3713365753747,311361,31164
189.85739134623185,48.294722420970224,366305,10251
11.15379823727033,134.91501545786105,315266,281854
149.43520259945768,54.96522465439696,282613,304030
194.88007424871878,73.10988711797258,323733,390166
81.88108498075327,82.20966376120619,279655,203616
5.306703194993078,183.67517226292608,356930,46073
182.07619745700072,107.27396126356768,95898,235007
41.876796440684686,140.41527026861212,279582,316430
142.85347529126605,190.17593560057225,223838,320229
36.473983653264966,32.10853910949662,106225,14155
32.97791269254174,172.78944182435012,14177,46971
60.19371955203995,36.62423639926199,292667,126206
8.657983427570548,57.17796705414532,78589,168993
38.98185306262395,194.86483790213933,249673,187390
170.39026333418954,115.65012422225143,275984,115087
112.61578669615409,161.66010872778114,385704,241888
4.1800450987309885,81.61672116256669,214068,156352
101.13104074589499,67.30151361282978,355576,322147
196.6027043255069,44.707231242780566,324178,201978
85.15503770442298,10.570429753725541,384452,314080
49.46881224536806,8.760572883813255,270111,15357
22.833855585253602,40.82723456556822,161390,261817
114.10132776275282,134.62369617322247,193440,122782
111.63420587447808,101.31025917875503,32023,56193
148.87025248231356,182.92954867026498,285888,130373
138.15472266351426,185.93965540486775,319539,17019
117.47990302745143,181.31628724163374,279773,116342
57.44560103835187,4.70160783810779,47757,32878
89.76125601200279,186.4000684760487,66438,256151
103.84672733036163,114.54806833965814,54517,94723
190.95719060363194,98.10682288369287,64478,292609
191.01925455662277,19.5071623315051,395445,268404
38.64721934845531,151.96253125997055,201884,362740
127.04693104719823,0.5542637014530944,267269,231764
186.86063726054806,187.26880942140372,269098,393060
2.979532798541517,37.31439109634186,161286,235463
102.26836246740405,23.759399915490842,282933,352399
46.113697533150564,23.797880705411657,24768,108549
74.69437358786116,18.726025740232508,88422,53561
33.164804050480846,162.43388949919643,147311,181123
19.992858198440178,97.47680848626827,305760,316406
188.15945570821603,107.35518731106146,362453,57072
83.41723392721184,113.48003174091494,273067,371602
134.63000436508636,91.27360390796146,114117,287902
171.15765913599563,96.15805006730355,139122,212218
5.152659841221207,141.813171351693,180075,289432
111.31434229482949,163.91376419802162,48241,124871
41.44733798051173,113.65846801368133,262447,168202
17.150748731537423,31.852461916263906,22931,339319
137.53310073346242,132.5235291169058,197515,288300
48.353658914569586,26.438779036350468,37459,174750
13.565542757782733,75.3226789543341,116349,378607
152.91125860695502,166.00872952804602,206846,294241
170.10490648271144,66.97408214888031,55389,121480
145.1765965667518,194.0239602116073,175761,2316
107.1835976394882,136.30977116621858,171135,164391
116.15688284990527,112.96684896856726,34781,251953
129.54199143129512,179.29777786600317,65504,364982
70.87973683210498,96.96385991060313,246285,202835
63.03996164678666,74.27341598141645,347888,84164
195.03063838567434,131.09825636763932,30704,348476
126.1609560341497,87.57244405275856,216908,215944
28.502419022050674,189.81515537997092,96463,6761
117.71375215061978,14.679624872907537,274663,189580
85.99195690057003,115.08905050300613,350715,189701
64.6868155520291,196.947155996581,95693,126119
42.642843120161366,160.74996560817053,291582,307330
24.47968513634212,21.66893677579612,185520,99340
183.65989820390476,140.55647104267348,73850,192378
39.55715259888236,197.76387024431614,260350,52842
97.88302141145789,146.6451332163134,80377,306031
20.45377218223502,153.8449777244776,361111,100946
132.9490010034445,18.634143313278738,25019,294100
89.88072912054054,42.72594019770436,326075,24778
189.71093530551124,153.04690616841296,85600,133811
195.71215684733622,178.51347924028215,269764,268954
41.221220935084055,193.35686075288882,179290,181063
17.486798398494464,60.7977077061507,68458,132220
151.3858233452403,162.72067578524906,84843,18287
107.76082081271255,145.9038268530576,35367,248888
34.3101151977833,58.62111074770563,339912,169666
168.57169372627703,57.90246445634747,163687,268830
140.70053760551957,69.81587284390395,136943,371003
141.17910803576473,51.66287685615717,89478,258297
45.15630274942516,184.19267852631478,148158,67105
45.26964808981116,165.61855587312124,226764,95742
109.85262548710132,198.746282647466,250357,298490
37.455374560513434,61.418655378482846,85314,78000
47.42602029965287,21.678139863191326,116296,16377
148.0450009401004,28.956590597996147,156596,111459
39.64355310769076,157.70652082378993,104898,24360
13.978465189715138,35.469406651488555,109118,310698
188.86744438259626,11.572307300822448,295233,7566
153.1233912093322,72.93312730504914,159436,19146
195.983460916994,136.31555264698338,113695,307297
153.84381814154725,174.66114092198865,44567,102276
40.29217383130387,31.438970816060916,190818,298193
1.2496985491951769,55.039405249837245,80852,22100
162.18652219647512,85.19859552155914,225961,57401
79.57860080649318,110.27480874924393,360906,172127
55.95217197058123,12.977614054438547,258423,101793
114.88096744896409,96.83618733131115,313780,209154
114.79977499968875,112.38897750490842,326367,155958
124.08529600418203,81.25190138066168,121832,275260
139.71525577257165,112.17416759428772,203405,357771
170.49270557190692,92.78882839484156,43906,287493
143.7162446674917,97.25184133284036,173893,350379
81.04870928261629,181.3451770058859,289033,228916
128.82499438793255,41.929024880667534,238365,190535
30.997411200360382,18.08931632268892,340852,187637
169.08082325957554,157.20193567167456,103745,277064
154.7465388721566,16.78898231620162,47746,291168
43.163710420199294,70.5009832453577,282966,92068
190.3443530954858,199.59497738241475,303353,396471
178.00534098767562,5.807998079017628,264531,219552
135.64901906888048,91.84148954152064,317057,100050
102.82016107165734,151.80110033384076,110031,16191
198.19004473976005,75.14627177345294,176737,21143
93.36690928633772,12.946595168528773,379150,165673
103.38844089512466,35.05888642403471,232208,173379
190.39611781277048,85.01557098511331,301290,103003
17.099121507322103,146.40895517264596,93119,140879
194.97161500721137,118.48855996728861,398975,77774
102.6246662365914,193.419566589126,152886,118042
26.869112204567124,101.23235833201595,120136,21068
118.05565539587396,129.01866851707175,209289,49413
40.123282136519514,60.5714974789718,293715,37335
50.028113087669645,154.423874768306,51454,162140
40.96116296353313,43.69131715983468,329582,200753
142.13524708765573,121.18886644669277,389153,344324
76.14494706371936,57.83212463469488,300951,135097
12.046888453101833,8.05313952731509,53641,111413
141.8463883827845,145.9730717883822,237164,381630
147.00852226630883,148.07574978817559,363486,203520
1.6584597968880006,132.04256847382254,264744,304733
143.3201931268685,30.979240411011908,356411,52353
153.66293612566602,118.88707873933953,68786,88675
16.517062411661986,94.07676761323607,208790,394593
16.435444183990953,73.41499667593826,46932,27067
194.54534812146946,164.67384385613522,241188,208598
137.67775273599807,32.014792729042405,217368,13384
139.88297401867857,8.871968944281804,154766,140949
1.3906476728835377,35.40929713817164,223919,43760
186.30111185726898,167.07443462252783,84860,308490
14.085292099134083,119.80894485116693,353537,228241
164.18374203878008,65.40035285342661,1693,155808
190.79658675455212,99.19887769286049,1691,59383
1.7753196782990361,44.221806569312726,79671,277085
200.3042434513267,154.84541202451393,62347,25929
89.54425244480908,59.09619479304621,361957,40691
38.05607678258801,70.01985639610183,63719,86569
76.54012786579695,113.79164348378029,320563,370122
6.269068858909554,12.2694674562832,224693,60393
11.06820617847698,67.59307180344398,310289,284616
134.3772011843628,58.449359419464194,389648,234442
57.463491690053836,16.700692836508026,234474,283340
69.59598864553928,99.67339175387916,285927,41035
14.851430359411532,138.73620818448353,152198,347770
16.45299171426603,59.22888146946637,60715,2557
65.54084090627205,175.97564589348633,17427,185155
174.63588606312476,45.587907660685865,279785,119719
107.48997748995099,42.126473566509816,13733,298729
94.75589511292027,168.56893424117894,313721,39154
28.8761321529461,3.8308630774817605,363054,293322
179.3094016987106,27.465037443455397,366233,206685
199.31611529826324,5.552298343573036,250637,354857
148.31501617036037,77.94168155671862,284761,253276
52.23693742151839,178.40873109476016,101263,316513
72.25224176454667,176.47543531276258,268920,38412
71.16570347183338,162.5484801040561,283083,198046
64.85179213765399,48.18833651979858,336115,78048
158.55334826518154,150.8944114644209,260997,32322
200.18166200974926,21.638493392514324,259190,321314
132.8007308206381,160.9536966381495,236586,360934
156.90769023099003,102.33864050121971,193761,18444
175.425937057278,101.72433537115599,331738,230520
41.527748583344724,129.74885073252307,293501,382105
28.181093405791724,24.721412010096643,324066,239780
55.1052845702667,78.85991861198033,139527,41796
46.15325017142854,41.36587551512459,7963,310620
157.25609481653066,160.25820762851632,123896,359312
158.60005769719402,122.37157728134208,156927,357977
68.94186394646489,59.12351517979236,281309,222008
19.984656163010538,46.65321327935005,379751,56975
123.44113676745899,85.7167498312838,256303,106512
179.26804936531875,175.35342054467066,233309,69092
13.522550298826419,123.69684072006099,220761,392051
20.249676932597104,137.92232969877037,277726,326017
142.53229096607689,128.57367636425897,377439,76915
78.24988192235568,38.222399916363656,249324,176026
27.39776374360704,1.6394304943142641,63336,349650
1.7101884662254925,35.19591184700733,353770,322069
41.38789669097839,34.08175958245197,27797,31985
168.73071194140485,99.91716830191626,191814,352668
