5891,950,25158,43,0
182.59848077898945,73.38221766892067,227513,181275
193.4792277198305,25.56955741099166,144309,281421
58.95617994931593,61.52974052798827,337165,244070
187.42518594192643,40.76843557414499,3267,168754
19.611382241727238,94.68519484997918,23183,199388
164.45687849624,124.66788253745538,204320,352498
151.40143618773732,152.7371294721793,88416,293551
93.83940445471491,0.9901415381932894,223305,141653
111.79599213487475,182.15944666735646,158569,327919
45.27903504369032,198.59012855182007,46991,53711
124.74819626492678,52.35763861424124,342613,342153
0.5968843175112921,71.48429928968753,373967,290135
35.39848195232772,172.89129673017038,182624,60156
11.961083186476074,66.16527430807258,170779,116523
141.68220933882213,78.26197450040141,269890,13982
114.59585645640404,38.49878153396139,72310,304314
107.47163020263498,120.34272319970759,284093,271143
141.14429803172803,146.60311917001766,79763,387246
169.8849983456393,35.11314164084843,44133,83475
49.15701939080076,192.80994219182796,141054,10513
61.14193891100524,193.78495673695102,284558,25786
114.26831170546495,91.66965695814744,330694,36053
110.5290917465421,166.6657568183444,334652,211243
195.6384306073612,95.93967313071096,23913,181111
21.734545105163427,163.59496264295186,165632,274899
17.692579487922345,121.9001166330334,109619,348768
41.45851530453138,144.25474562360924,123146,360510
187.95679558107437,141.87437568847082,236497,44970
162.63152113477284,176.24180753074148,78055,107471
74.13672087357725,127.56130865308664,392468,391433
114.96541771310856,153.99189109681853,330005,112354
168.13890861128888,64.15762233623518,346754,270886
71.49727328762296,57.360002355902985,149307,382780
178.5048680878434,53.082850974569425,56287,108389
186.20650952103267,139.13371644772906,6913,135524
8.097333459061485,180.61123520129127,88969,383101
128.0122356021901,84.62746994443985,150807,35423
17.604575908722296,160.4344296960667,154785,334527
103.18590985065775,116.77972183797695,269679,104104
58.64478424063159,129.072115980948,300858,197730
83.51415481212007,44.2359122215238,178491,266384
128.4660756398962,62.43435853698417,230228,338138
162.86360563862647,19.50521275202518,69083,92322
181.3318069490254,127.4152277056995,233643,218160
140.9538613670337,25.561726675791405,83593,46983
93.91299078506098,131.23223003363736,239747,29426
130.33179051609352,112.72822708710154,239560,2652
172.01291903236972,189.76566341791752,207693,141948
160.33039068363115,18.216001792279613,246904,213249
186.73098595498655,20.216448578880197,399367,133968
29.133917277310328,107.55552982818006,301729,116341
7.116477366337348,48.18580704380956,129418,121300
160.27798167865117,153.97226287379831,228712,354667
155.22604180701518,189.35519788718523,397687,2581
40.68433773579404,26.54773775795577,245170,399774
34.41392897498786,165.2562140748598,22998,241389
50.73548889168763,183.14121637802208,248847,377430
93.1594681772421,94.48715261451301,11145,226956
99.37899872490267,86.28920548957126,330158,291301
89.65444105472714,177.8517711194163,296180,184233
114.63628949800734,90.7816946433956,45540,387357
55.99200354874253,90.33618643605635,355381,89291
137.3706683910953,135.84337366562744,42537,331191
148.7511714773971,186.0474183553172,371140,138244
158.31487839970748,42.707737350475206,331776,24161
73.06467280604706,105.03196216646951,104883,217346
19.11486153727039,134.1197534511237,57245,356632
122.27576210107608,93.47061291972557,399842,224167
70.83391472140198,104.57165194116172,185944,245017
61.789442153140804,170.67624828595257,72219,290336
10.67545767471666,161.87399645350655,107111,104958
164.8379999998581,116.55046138828241,84306,31457
171.6933965531124,199.37350731602035,281986,11697
75.1179442858683,140.00259579301317,385175,317163
152.4118682481836,145.50773388227483,46025,92124
6.4977994413586755,9.996294140867967,44357,253449
184.3915191886616,159.56767413919292,389507,87417
107.50191365043459,183.43474885015547,62474,145591
146.05237907915748,20.030358156580043,266344,63963
116.67709454292371,104.471238613607,131661,328189
150.0644067863762,89.50739559307162,396922,67605
147.25425929121545,143.85701911515753,352670,225640
128.29114030086032,77.48995498670516,267597,280262
183.10945795012685,119.80923014857298,373088,364230
90.93991523836436,182.28864151654204,57795,254413
94.6650395433119,128.16772264986386,172778,208679
182.92900223943673,134.87627688012688,183398,126676
29.18557858781502,103.25659525187623,194633,243064
147.59835491815605,32.124860246305396,97339,82470
165.4218724291477,35.19448105660784,134801,51185
42.21137137806142,111.94354060289827,382974,35659
102.62312067307955,147.10225488881431,273078,275945
47.0409374956242,149.2045203268607,154112,352831
67.82968198668887,58.80807667688791,5969,143530
145.39888371737243,34.596540687737,383197,375912
46.70968449065068,163.6934090769017,344273,319546
110.32443001756872,18.553695454165396,303948,331181
180.0199561349286,163.07934515592817,69341,254012
58.73966387128914,173.42859062395743,298489,164107
12.438002225924116,138.21625464202327,190089,189833
179.0283758090566,47.746134270832485,71541,370490
159.78499825965096,103.08142452093597,311568,319375
15.89463126313998,189.69527432018995,211579,236926
85.67274199893563,140.75427579241583,299985,47769
29.07913962087992,120.37377857643547,62842,143599
94.86800440009283,160.44740614838383,386798,27328
11.500236452582147,192.45323032550442,341195,45628
88.05867008825913,159.01930331067393,187940,359072
48.46261408583411,13.010765354010456,25473,284866
45.48508642683612,177.0513714715745,376136,112354
72.93567813142278,110.78857563736119,5728,224134
63.70017589680751,111.78347957357276,395959,283245
182.11552339619698,42.97446977329468,356787,317610
43.55067833004861,103.18850792972002,285170,9013
46.49468754468561,154.00476794950598,104281,343970
185.71250212789192,20.42295982163055,198774,112007
192.7928440362145,192.50730440922675,267696,197802
94.52302721878215,128.3878718744395,370212,332236
64.04448391290097,170.3351459738788,242338,181005
7.5653574829043775,52.11709003122592,318592,273901
150.96677182206594,2.0734191002224396,329195,269057
77.98193618617067,133.49915160921003,119,182545
4.887610499025385,21.190674676468145,305991,386252
143.7098315546686,3.1295618231776396,379221,352999
149.82052688865568,141.2846663473367,192944,208639
61.99599379536872,91.95255494770264,55519,140646
134.92497147408145,63.14860656175792,84665,196874
192.2999586344491,164.23086666947054,297448,388531
143.15795758628605,150.54056953073456,394331,194328
34.032118458926384,156.09890529388565,139592,301431
91.35127358947072,73.83326577626798,88828,295361
9.890468663075136,2.7041986098644495,102979,294329
124.55786926888855,199.78730217417447,34260,336787
7.6052746550114065,91.29462394709306,318654,106504
85.99691795633112,70.53537273223093,84751,107931
113.81263677013655,106.50975099966088,383885,143163
5.35970140513865,32.87107953887979,46618,263180
89.061799334551,65.9042998409347,158095,261403
24.06314424003736,51.861640607870115,79644,248513
22.50046828186135,166.06515722194897,333133,262710
107.07508018137743,156.78149154504385,352207,181747
182.83486496246053,169.65120849420032,346582,48079
177.3800542928201,142.90170801454317,122258,194744
147.3597516194832,17.732691456383243,292939,209687
160.57747251876336,194.65092240103937,141881,160907
176.2060885128604,15.75402371029443,21445,320631
112.44999890672189,143.34480943203053,23798,374840
21.842771195185083,140.486564885709,229242,309931
99.93013803363543,149.6961659382347,8609,228462
76.05245516658557,184.04582413019165,350711,88254
153.42158970412092,65.67381345265547,170278,23434
194.21190783855485,83.36655594662074,319296,370935
152.9702457250983,124.35892310186182,330951,26502
70.25321411022676,82.77912052593544,36920,163948
158.77234587755493,107.00967348571083,163185,148198
20.0455392796964,106.20699342919865,130579,188717
163.77484507263833,4.722075858990948,240691,324372
55.37651539436496,46.07874291374715,80971,58050
7.860988646859989,23.37460256982874,339797,189766
68.86002288961521,39.76286972701008,227401,384389
133.8923657098453,154.84893188934694,367727,85720
9.961069115188824,142.01193840287172,76977,339760
129.64294264419917,69.08756723523629,268463,28236
106.291906499375,13.737783112388568,330562,254505
39.7308579406687,69.0129761594988,165443,36659
99.15325233839755,43.00302002242905,273563,226831
60.725679423264644,126.70103071307737,391232,86293
29.104694853102288,62.35112598984581,281474,162709
72.75225559825836,1.8559773202978853,27147,162792
171.65550295689076,5.827667268725578,200293,96839
193.57314852022495,184.3332453237582,11541,87467
114.85493421010183,96.96479041150758,39818,253431
157.12955367621961,37.332617554346946,86953,275112
153.8871505352014,122.67986245711516,333211,27455
168.0514816928666,117.44559791502843,174296,388989
101.37265154586169,133.92245304633232,133705,236360
126.28179515424156,66.87005462778778,118438,299029
158.95407492649218,137.81205081422678,223956,33812
170.64086882741532,1.0599143515769622,336783,275581
133.28145566287517,183.13737829128496,42541,128012
85.20935579229814,125.49129739318163,306988,344233
109.46893882660892,76.0072233895122,296925,268852
135.52146636687607,116.10588655459219,52431,302329
103.6039736576567,39.09734823483527,216250,44272
49.810081548477626,81.72135499895676,337547,390616
123.45911508673596,99.64918827762872,382636,160449
90.37378513163387,20.03415475198352,26681,35304
178.06861156869735,170.83834605433017,270674,88929
137.36436336647935,192.91570263571205,301495,288451
31.544600024207814,200.41521735529528,262041,148982
57.117060458461225,127.02580510804572,183882,352370
118.05386582930416,181.0712341304274,389967,128645
184.13534000654423,122.22067057094023,18758,1462
181.26368274994635,139.6230827328783,193867,344472
3.941733647851364,187.0744595610458,65490,28439
15.176825689035432,97.02857110774976,272724,125318
86.53797781050883,66.69582640299512,185333,64808
140.8692899011124,78.02222642184445,1738,184863
149.87508205724117,65.91234711787074,254122,140759
16.352747360610508,66.73161125847301,83153,107961
1.5887345116420644,68.19872857918004,270049,278724
40.11435309626338,181.32670952549108,111997,305888
46.75185626040691,109.1971325259857,183172,375496
152.72292545733438,64.26009400890871,47461,366559
200.35532406020528,169.45263293562684,211152,20409
79.48985356647117,152.04536852904695,198712,91665
105.84447776809183,124.5715709436178,192169,88213
89.16838729762445,156.2405584181975,17136,13334
44.88380861998934,37.28819095603547,274394,105407
2.074405621108088,121.17234944281992,63136,58279
197.54037286705488,34.15330066277872,107617,398087
83.19723259140783,149.1514385019464,45364,250275
54.588180224970436,3.3703402496195185,277108,360108
53.59969954875064,35.05914597807126,366445,291756
32.33655060058488,137.7075662087713,156282,145205
82.81382727517476,23.176263921903626,306990,298304
142.34533487571233,169.7920832447586,336676,249301
156.53131369124623,193.29694387139074,69159,25521
30.054669528330724,83.20076731634562,110818,377491
102.54826164695982,63.21885469358563,126314,228108
33.54616028359355,92.7369431665285,128076,121793
92.90980457982117,132.69595271716253,44476,133303
101.5623478311474,66.62818254334447,179363,328796
195.14487199850598,21.327450614489162,301466,42845
33.11130437340341,191.98240849826044,103008,174269
28.392217676922073,10.456229939038753,283068,57977
3.4194751348647463,76.95453086942528,271141,109151
83.47893044821727,187.15730837228435,226484,250991
75.98794284181217,37.33683855802753,80642,47048
116.37957513321318,16.38225094878515,160807,66749
80.75105493879063,164.70121650072096,223001,142179
33.09088030916786,104.2343317853285,103880,217830
185.90179472204034,35.17267873529411,340076,81886
196.31109169468223,139.50138458231328,269679,307018
87.28085534684799,144.15961021687883,142,274005
30.297868191861674,49.664882267526664,183343,243345
75.14625030518121,179.03920379370118,119551,83279
144.15129549520205,28.704132960064566,121764,124379
163.8430576859151,39.40484267928591,111282,350017
184.16257562421015,93.56993252496609,289793,48491
44.94852395436085,37.90812111359726,167182,117827
45.79143991032183,120.03193404676719,388013,327420
167.82181290955646,153.23001854279232,208382,329341
92.66969684803385,171.90442268411522,331877,32739
191.460358071667,33.925970860745366,63370,272550
45.53199124010271,54.99601760609328,285968,53862
175.8514841723695,75.81605794305243,89373,79123
104.2807204525477,142.45548367414213,346790,240476
186.67874965923193,108.61730182343287,380721,163663
72.0082249859923,84.81869799373504,153579,149244
130.7431858462345,56.39759059212114,8024,41841
165.607977452845,48.69612860070026,149503,357206
186.60987237018904,92.30306949608577,156365,281767
62.86634699134902,44.74627036374338,21757,45574
70.98593512787092,136.38083089451044,41900,226504
74.26926797930278,189.80363500074745,153052,110819
120.7473372723845,76.068962113974,399040,182853
197.19276180289066,190.59049044854558,313316,62053
167.30368478630845,86.31441705739157,293351,342248
53.05456727606516,87.53484067148534,268384,48244
137.44352207685537,38.938723685075885,107948,105278
1.1445475728734662,116.41343231055701,103487,358003
95.63220085991772,101.809768707272,162754,38063
27.356863734196423,51.78325882722093,19964,51110
119.01074173967253,104.97773047981686,228523,304650
17.424396762743154,117.77833931319105,203571,257594
99.51267897384447,194.9526464064998,92963,78789
22.389173335737855,176.52579427557066,399748,300930
138.39671654615933,95.87257470506535,92034,227237
23.18868888294353,129.24687227833118,69914,225891
37.28164481009745,67.94299198162369,168483,218815
100.03039825164596,46.49961011549609,365884,204538
106.0365849271957,104.10254267297088,322026,338771
143.67260596172326,147.8109928719993,147191,109423
170.56965417060783,174.6454122424726,69622,145369
27.2128109904891,2.3325866022926185,6439,42538
50.99164310108986,40.13931523022006,158200,7687
40.26155159904804,55.70555796678135,381389,142499
30.50407448766229,63.428022279979466,76664,3814
8.584312375287261,97.98351737446217,14339,101663
94.74267581045656,104.18147380074568,9264,313809
51.933399595241866,176.555419879035,272034,119712
196.64393262712872,151.11260330786064,319315,362543
125.74896649232475,89.23108764435074,256954,258622
9.01361598628837,98.75067473110963,37128,267190
137.9415196465565,138.06876175701618,383614,272714
41.05782294664172,3.0544072780154137,342417,122186
3.7095304581651662,115.58345533366564,390061,367312
100.75913942561422,33.04676798128324,18716,391949
107.30367631806308,72.496108908678,47006,239083
26.088508300673784,188.315256576373,362841,171452
72.20615881963913,180.3630644585896,29919,80057
37.95743999739044,173.2793855511479,396979,279547
127.1073516031261,62.832353796840614,354865,325459
199.23075577712112,41.588812192557576,348014,222235
5.465611352600674,94.85416331740416,38232,101286
119.10747330279943,165.26375938634303,298595,375216
76.83732104086735,38.246848226132215,297738,157039
102.18172011386318,194.98231885662835,17583,2882
108.4456922226484,32.283261977271906,79949,186962
197.33756168544735,96.38903694862718,220813,32224
159.87653481751533,36.484538330754475,315179,37913
3.506017674038386,142.9543694772299,4117,354481
170.98000883225674,36.03562897050067,63777,40576
196.79021375583008,173.63748951459777,52486,349390
96.02680462665684,83.98882017151863,113661,198562
175.49047189156903,172.65352009772818,180298,36793
33.29831119224881,143.89369929889781,385606,314499
104.45573111643014,72.65340029283195,143438,30736
200.3410302525584,96.25471713910268,319075,213428
65.6462141826187,129.59801991728173,58808,313945
197.2181192572615,26.216117661186754,271972,53047
84.88503223840826,159.93075475818236,356122,96016
103.75399999197063,171.42868088349294,146504,3874
61.94883054831121,95.08208445001989,49050,159643
76.87358057695201,190.85889940943264,94643,39293
148.21993665389786,106.00910439076708,26900,138413
189.9441542222372,39.42923622146418,175096,214134
118.28982033205689,126.88957005937638,236015,82766
111.16786358364784,81.273065722267,50623,336159
3.7369366905573127,92.13732503076115,114355,45590
10.554013309439291,36.87042210313908,232454,129830
192.74567391088382,158.84111018760416,368443,118729
157.2056414641365,186.59585745659717,297385,93393
151.6083372349496,66.1853320498367,370349,167619
197.34225751110932,4.827808367212094,199837,86328
56.153513246684064,167.3962572222891,372046,101725
149.78259030644438,193.6855312670387,224244,30757
104.84240553596051,125.65406602973951,321532,373080
115.03573140560216,151.99475889976804,73424,227881
152.11517057459653,194.97724768840752,148286,179614
146.57915213922226,40.93243423564511,259033,92320
91.37201868253456,96.45435575824808,196893,185124
92.59507768613048,190.03427983148165,3027,394923
31.934269620059773,169.87655149464405,127695,316363
182.0260032243093,82.31199540916404,6447,195007
63.019139684772874,135.69577891657505,355097,274853
133.3028616987741,130.93977002391657,241920,116001
49.123865995875605,81.5555348905809,357770,303262
24.879185438413685,37.52798447962958,46112,348567
133.5701897457632,115.04658209836089,244205,33538
135.52843850017567,37.97560677516795,62357,101596
78.00484020460775,157.83693083134253,116526,30729
175.3629348877134,190.22724189564056,247103,115810
82.45523189036118,38.29644081398228,46802,368016
56.21921196448568,142.27657496231,31714,224005
19.54808420391968,46.93909839719909,91968,335835
47.30877706967603,1.149928964324964,258946,59115
93.53173530837722,12.573897442781668,385961,132686
118.11303063626578,76.44265753312568,372898,362435
174.9965092574617,32.49541676934044,58085,185988
59.0396115040344,126.71205284777024,172058,87389
50.23144328489219,127.24061371038621,78268,42778
99.36198478316699,134.47377589019953,203895,360842
3.9354029428776744,3.6474172253651345,351286,81154
103.81789174724281,175.9000189260458,258498,15721
78.83670520411799,197.80512908968765,28244,17336
150.7031071342288,44.14671978023866,238623,90190
138.36277046664858,64.99556962152445,90288,379275
186.49728231563347,199.48951269426598,244958,77559
20.91042667535935,104.26879606750266,351968,221762
60.50674902098009,133.44440538247133,301038,98521
197.94396974177204,102.63702277458377,253364,150040
97.58758367070558,85.48410760077249,198243,241876
123.91165160880306,194.1372102412715,360265,310833
31.97876069357698,186.90535995196913,268466,367467
144.01770361863842,122.71476792224757,208265,223407
49.262839852766724,133.3016117977966,279579,339845
65.78654619183301,129.90044150803243,81552,215578
49.487963036250726,120.7691691736983,108222,139032
21.05342715444821,147.8482440936566,126167,182683
19.91307796084817,96.61905072295647,190682,282402
74.83241281936019,39.10598070096448,384738,188311
192.43556404026475,57.55144991406173,370914,276375
164.14283403311555,94.51040988851295,350124,394293
144.66027874542797,120.91997315154711,142803,159711
170.39011945847872,72.21840844853479,99536,179184
5.278698551358884,51.18967565470031,4628,213071
99.74110290806428,160.8618794715441,144393,372555
48.82952723153543,56.67064466972923,12052,66608
32.92822211695724,89.28022808460686,92791,262187
51.265337408656855,3.159069332773223,325058,251933
34.25617706961431,29.747919784895227,17043,223955
149.6867014523623,2.684374275586265,194435,90750
113.83979297389021,180.95858144574473,131477,165207
65.13336686684914,17.965475668454154,212785,299011
11.217365822736058,35.50941386226006,390964,14940
48.824186301095516,26.616210677842954,228760,78131
115.78081552039988,82.88282244506875,383471,380125
76.47176025137802,173.18008830948983,4708,1104
122.6372571824544,155.9542014265364,129914,51828
3.3966127931026486,20.662865337876234,13831,45040
113.63682769744942,64.24841173012197,68944,220713
100.63717831400687,24.688581941177144,310663,312878
183.81373916585903,72.2806497581978,240029,357525
98.97877263355096,180.42567868477144,211542,57274
144.21229344729727,162.48262212118027,39689,260539
88.0646314615091,132.0850955177358,360291,7527
23.20182021989622,189.94034571238382,69927,30343
150.1382697557972,43.527216724476844,16713,6801
69.49499211721488,95.33816388849588,156587,28987
185.50609936975826,72.14928128061318,159620,38398
200.1176410112834,32.37245297834114,50726,131485
126.88574806255698,191.954840316059,202211,50202
113.85553078857347,10.100942615712826,30291,341781
194.17643710527216,10.102504718641303,358342,318301
142.9200060922096,7.237310418928977,162960,198755
45.98583591726041,8.237474732038297,24096,254151
89.79990387104432,26.66853719344001,163680,205426
9.981018958630894,118.84696997210582,237142,88190
198.947446084876,1.2223155828698813,238257,59021
175.68227895758957,80.44459923837238,170820,338671
159.90084123999313,97.07633336849652,71914,324857
199.94509700489488,175.64954810624096,78698,19801
104.87174371794404,184.68837467626665,190905,375692
80.7110756555771,174.6292855914443,328366,84870
34.29146504238839,38.618512616233716,351328,138467
106.65995840109001,123.73972566670736,378938,356912
122.26162094747194,1.3705789416438625,35843,99084
81.54562379628663,135.71988691022764,311459,313549
173.6126561236075,101.03139909511827,359015,317879
179.00651489712627,63.04892528367784,49444,340131
138.0330742783325,181.04202228173958,189462,337390
117.63837772482758,38.99787825440853,305098,347062
56.56322773211312,100.27708657046355,312972,251987
2.611957556833244,29.826449009920317,85864,168202
3.0957059729043053,144.494996816334,304492,365661
188.99368295074288,194.18207343996252,236047,317061
79.20998165731913,192.28540012647323,394421,167133
147.44078711581605,39.124799930406574,246327,136352
74.88719896178765,170.38914120960752,388348,136616
103.72679121819918,2.7723229385193333,231661,285917
179.97236930045867,169.58271709114837,392024,125603
62.61648801363627,197.15523615125664,343552,92253
140.62085871921147,162.46142634938766,157405,11433
181.33449094410068,186.6885579742038,354755,305029
29.70438149442557,142.0564473957686,39553,249914
30.015737737398172,42.2720187597155,117564,370502
27.953997461558522,193.28813535747682,173505,274045
52.222882860561434,142.3738977480064,362072,206954
190.55411537060826,10.174165848182149,363002,94254
38.37209292555711,43.8517811105401,72029,44115
58.41775152221976,7.234355131803094,162058,142235
153.6083815148889,129.41332809326533,2770,25942
30.28921123843723,54.796959453026595,1716,300452
158.57160682548363,177.59213902841682,130718,140344
66.3317135707256,140.42181055595543,141418,276005
150.2281448503703,76.35228318373696,254748,20149
180.53424379437482,52.29652444607585,230374,71811
188.51801941447334,103.76155109752347,223132,379446
192.0595423799499,59.49108055510682,104352,157650
105.36656253208453,178.78223373148631,171167,231304
147.8738830474692,177.00619566356986,94856,174826
192.39055524305493,101.69018837185625,48659,389729
63.34464205445352,133.62976648283643,67515,157163
193.52470407744988,175.89332000216706,184859,65700
126.03353598368598,175.106169503553,327087,192645
84.31258337189463,159.2994845869144,256908,89659
102.09766278321266,135.7832153468375,98951,132136
80.6299011338065,21.576683142559837,277129,271054
115.35690342477835,84.86357916413557,145092,201718
200.39483203997762,80.72572981504645,13880,209513
136.39049377217052,119.15998514492111,182728,125942
1.0030813080264318,14.792147094303687,277112,3076
132.55782817988398,137.71841261323857,149710,309779
65.81202512444455,158.1009507750332,358020,384572
58.54421457653215,134.08933400481422,139412,312322
32.37158907739156,121.29960924587306,216406,229024
189.231425056843,3.026553697644318,198616,22215
95.01726341397179,55.31214530226281,53538,125257
150.08123001622553,137.9834533670294,327383,230824
111.03574073275054,4.9853579868555205,356886,139120
31.86751863370879,36.34151665930628,325439,333483
163.39360921099916,72.06772469054458,384194,390646
92.94469119255572,7.602465321931661,56222,137212
138.86751698596785,191.8973199965931,71811,228044
169.11706622636987,56.93678475781715,303659,267803
57.58787498008887,95.85778063136351,57829,374024
3.7710981739888068,188.0154607774765,342163,130785
112.14020380105622,13.736041810459188,307609,127818
63.82013111391645,14.840971253193358,329625,169322
149.4666894819732,107.40275681862171,67343,19439
64.1347542493283,6.596199523159562,87024,49174
149.25806771241068,119.93110942772728,148045,301047
137.81174909243765,110.97836422804853,320408,130880
45.08038830322313,81.94272059390867,106687,388908
74.56562540727653,43.08745990339556,397112,22340
10.275460287011995,8.565375649366334,162206,244455
26.779860752858617,106.07762276932638,298342,135194
35.215556843734596,124.22742147552755,369552,302375
133.77488069136982,178.21318524194731,70009,300303
185.66508150987474,6.292313042348507,241286,44
130.4573237762068,94.83185725793491,162643,98492
118.06229465022643,89.32499366953327,132836,31540
36.90532480780636,43.51311943437243,56095,29744
85.11542517803903,26.02456110178771,125929,9379
130.18771903825296,131.3635115078322,70486,362089
177.21772082318034,174.37508388773225,171703,347144
97.75657123079856,164.01968203969844,265268,355357
79.20774346292222,48.554542643183495,2923,263698
191.41268335080653,170.36785503221452,151538,7291
179.6923378132388,18.169905040190926,37934,391491
129.8178483708234,123.09236041022461,231180,69319
137.6432026438574,10.40084200073722,171111,8460
32.88605941820614,35.37914110627892,377490,367176
8.781479528357849,115.95463593988077,171501,353772
69.57388609560718,185.1700465135282,15517,191402
167.2611592794859,35.05691689808942,22537,33676
127.42818286742673,141.42387664586704,374516,23663
165.6090627672038,46.096248098891245,47580,253023
192.93236955780907,187.39717477451165,86020,259672
81.40989226599048,118.45136185190178,22517,15100
0.7913014943960013,83.89590010708771,100955,355428
60.84644259120956,113.27784203584599,180319,353470
61.754089738417214,155.02477746283387,90289,139239
129.30133562501638,71.81198845594528,247957,335868
115.71503622378818,158.8082882104766,91660,131218
174.5542784044587,139.63319305632785,377046,104253
42.34987763634875,8.182874488578362,301749,366266
79.80171517646613,136.25857260640564,312915,26279
167.50848178851368,1.647439778813597,66429,147374
187.29080653402843,80.74418527031672,397031,98061
61.44107663550356,109.06594898605849,220202,212785
88.68036537172311,13.332095994633285,202820,232868
175.5035174180638,22.87502429107858,307790,250893
79.57507769832299,107.68152980433018,136954,261827
7.463233623295895,48.768610880852506,173847,97514
81.65916101337359,104.30101441975584,226320,112007
131.48152207256217,177.6936908450333,164864,334035
159.48911718116,179.27697935923308,157038,65849
46.22545072649805,191.95375085549423,344383,350190
57.675511592516195,118.4679776162031,89403,169619
161.68368618802376,36.01288857707002,369011,254614
9.64827396938842,130.5731038726709,143331,41834
99.82065064779852,85.23091226397902,242782,349092
57.591964634353374,96.83316162356047,134054,132095
173.27281791613893,115.6213455707809,328245,30915
44.9642783244032,123.90451252244162,26341,134994
36.31486654957027,91.56789798627986,323575,2578
53.155986202210904,102.35328903427522,391474,106709
189.12233195814252,7.393122028856369,124701,65562
141.57092193840813,148.32210922711744,180217,329179
135.1263815051011,138.25387832883618,183933,233856
89.33361498579525,151.66808452584846,121290,60761
26.566033970949377,155.92447444922294,132320,377390
34.97752189213631,111.07996641514052,65229,228001
129.13849717191428,59.87764175848359,284449,295967
60.21113942734334,5.548876379821721,362052,123165
46.24999765547232,62.31902583462766,392030,28519
91.96068836217216,141.6620305516595,146034,351467
179.4723730752351,80.47994177067231,208313,116085
114.47916781591869,196.45673104505923,313129,327133
186.48575483927922,147.90910542863094,348272,240769
35.900156945148375,24.333821167190393,339919,209070
112.47931892672605,110.48415841947151,233052,274900
71.08383067518503,151.4804604814256,311294,206627
6.511734103653521,158.52141831601938,47841,285708
49.209879517066376,189.46199860058113,272711,372911
140.89463312460805,134.2048371465252,34210,203883
178.95012274403925,67.55748689644817,327653,126133
188.8277960902864,198.46547217524545,125970,146838
189.21076655560339,26.852574563480857,120163,147263
102.22797523848769,32.67903093417496,151043,253492
76.75274615713715,113.26355413395085,69924,88930
96.27540334249855,61.743601358342794,226033,85673
35.236799429618785,36.11627526738715,88502,369278
177.34802893146966,124.26053989766653,253621,48645
99.5300872003636,167.58987943073672,168438,138633
143.7939151679228,75.05164755338079,190741,177828
134.96166840200115,99.57744321105977,185964,23784
100.85198554366578,111.86262782266348,21425,343042
138.50733995977637,61.009348187878274,87738,93330
127.79120989472695,182.95965275704285,177561,57052
136.87821184605926,152.50062450567182,314839,13073
42.19332434802533,0.9299839193553812,298437,135328
88.81498029803593,157.76605851177885,314538,290802
57.82465075842528,90.23241335962811,196694,203644
83.55837221155505,133.4168543547065,152681,365928
22.674012414807788,96.16605511950172,1921,347979
116.8592667367455,110.70527621453098,165633,40363
55.796303659261326,129.56975730897108,50403,175333
196.7667124605318,124.08936472509414,207188,348254
138.29015834889853,197.73722077386276,336836,364028
144.92158110816507,131.09390016156365,300709,2890
127.12405569315973,145.11702437797726,112156,93615
10.695726203213141,34.166451320952405,208504,35512
182.05299014804655,199.12049542510925,231503,325094
85.13393652116082,145.76403977304383,225413,292250
66.35810216022378,72.91634088606787,173479,385792
103.53665177364994,49.82676492023176,98461,7079
101.78971654441577,38.956872142418796,227782,99094
58.298068601310604,162.54541553315752,356609,223192
36.47011006928672,59.039638816560945,287559,82446
140.29461828307723,148.73037803886228,65964,170411
90.56181451095239,178.21766531789862,301774,308143
105.08602555905902,32.33486512906146,373266,57410
56.55017732115869,84.46476353340871,261078,51843
71.20248215626044,85.34662336884561,285491,303168
186.72090152642798,61.68651924053502,6277,277651
137.98040391975678,182.28425580560915,110644,17641
146.90448280648434,162.8261909120149,352376,138282
130.28285709022086,171.2375551867671,347712,173850
59.25537455900051,179.20511122009498,238860,370640
91.8826436990131,199.47070043533003,206303,108308
13.55437088489867,42.992307517002544,333634,68748
147.55317694068668,114.13372542999788,145284,76708
171.4636477268977,167.32584651968276,162173,396145
9.638257378349346,168.0460417550207,335535,98467
105.8954506739387,182.99144646971908,124859,35796
26.064085233616083,137.64675662662964,384000,173864
152.12266049026402,85.96014800170192,173042,203428
145.79795796576903,5.245110813121389,124150,16233
51.782964277089846,165.12921189294866,89534,82648
41.40651613816127,180.2209611640269,175420,144606
158.20326265288753,167.30630705941775,209434,89785
87.75422804021157,102.76528922429854,183688,219860
63.56774284361807,94.20995305092048,187688,75037
96.51840495246599,167.43419718511646,85847,393698
86.81670311462658,165.78613508354366,10945,284488
177.96294156059454,159.9126384591841,340105,72983
116.61458938553542,61.59550889484965,397793,374191
8.567022205287921,166.01579781470545,240200,258053
86.4594267671346,137.91496455027502,111040,364456
174.28011339941088,193.54263093358102,5255,26589
128.59298440347348,67.40470753138928,111778,19798
117.37850148542773,60.95737040760113,306428,132811
128.7561012588664,49.974883893034736,32366,146019
107.51410603072019,127.20639564797266,89323,328557
13.337677741167063,71.47741818143516,59395,94804
186.3311988972095,48.849954930811,51926,255507
31.783657881924487,49.05638208953661,306501,349094
86.11397254654439,98.04618483001076,138091,136225
147.3345679813434,90.79720952924136,369898,312592
116.82500249555189,111.08894420171936,382688,166748
74.69188225309303,139.4789167655817,164038,284058
157.4848605185902,74.86656387653346,248419,211930
69.89517778617075,76.88704679071353,293294,239015
16.3839445471735,119.84592203313872,85074,82510
10.7190019755513,181.79621120007963,76781,18893
63.741780582449735,154.44067554153335,162438,114170
139.84065224517894,91.26272491669476,85006,85276
48.144818603287064,137.7143829612431,247864,381772
71.83342648791444,175.53735773422264,16527,321244
26.78333646179355,195.493645997954,12125,127597
192.02427662031567,50.349107629238596,236481,154507
45.92978237935993,198.69415021290786,39577,114006
63.11566838222641,99.5302812589502,330894,362418
163.38732079846173,60.93820234675763,344080,380361
176.27905831583874,33.33444132443867,39926,211724
104.29625254820819,3.687111537475751,285196,194545
68.62726228257668,165.09915294866775,284558,93032
165.60035592706345,68.82014012040462,343476,16109
119.38492296623825,37.25848331896272,265267,131924
46.902735981293944,127.93463356351457,19449,70806
32.89636083391011,187.6229455638824,376364,277748
85.01418242387896,101.06430641915894,371511,33306
127.40781799236623,123.20033836326616,219549,168751
39.224534114965856,120.8349656448566,93390,144610
143.28239201799664,100.88743841924902,98333,286787
31.591341716080855,186.49444784500903,90671,376233
141.2708117488075,125.75231693782541,315564,268662
43.0985387363091,80.33662391473105,389668,258871
118.36509234038589,26.358369485467026,127310,105973
138.52352387010578,60.73313091988061,28275,55507
172.6751075730955,95.03643808037174,172917,233835
110.77168308305653,104.61162336857164,286417,8758
6.135990047599937,165.94875133682658,300065,67742
54.17590554099859,10.47073181317283,300421,100608
180.49671494617525,6.340392401554961,181909,1363
85.07298299064146,62.970249905599886,311085,151072
113.15318323198765,112.04861379073691,185301,324140
100.49141413783754,33.22539673287267,27647,106039
199.54233160331142,7.020277746475034,188317,265836
110.02426643882795,185.98682643585195,153775,332997
21.953170592787927,162.53086541125705,130116,301565
84.29885727312492,186.09846808137988,376310,227057
4.055763973340875,173.63758884084496,332570,54007
62.65012904805859,51.56378535524012,29084,265340
108.89621992048643,91.14215537250587,378969,132471
163.78944956965762,158.1629948672036,342527,363866
77.62409778339082,24.36827496151942,343282,141499
191.94295955989975,39.16914105305281,69210,127493
148.2545811993275,155.1329837323738,19675,8115
156.9963760330322,181.00546640861575,16365,317140
169.140545904092,72.542122547551,261041,326703
94.88409781021726,38.74030071491069,68067,179152
80.73573479730813,122.17668505918347,51263,394247
32.43243924290405,190.57388106738128,223569,186545
41.238839917569436,116.74078694197195,199358,181721
72.11757744819364,133.75493434986052,314144,310829
35.76558403648015,167.57204426411073,253212,238940
44.11114424005772,70.86809950407905,17898,397492
163.12169478807328,141.20335935395352,393957,220951
87.31826103296986,129.72745597159314,239734,329709
26.73934459145374,30.419867952769906,241444,125249
63.99687555668415,46.141057265241436,292105,108654
63.96383162737803,47.35856526991217,86893,90240
4.491323299096616,169.89743991235798,28046,387022
187.08077614481556,23.908881906532496,226908,330526
124.50011237377248,43.162488988365375,383997,79674
46.077761392690405,153.12288270652567,347969,68532
96.38554258599993,69.1342149800383,313039,12693
182.33305545222888,170.04185679592086,381452,331031
11.953981817779347,118.7293805485362,176265,207004
158.7883492000084,81.17445118030314,146945,194434
4.898059063750148,5.0895273515345725,381681,283090
119.63756770115955,73.07803352884112,264997,216218
149.07872983805595,39.99037570474054,241024,85690
154.47010372136185,110.73266437324541,43634,293158
190.79356272962036,32.38816061738513,73965,193364
80.8395748971665,158.66329000938697,317372,127272
170.2610280473436,16.283991730361848,397460,95071
187.45872182530385,89.44391282885262,224437,359532
35.2562931379247,131.154032997695,178220,193924
129.09262752114935,187.0648539121995,251802,297944
128.04531713093283,11.073501109841676,43236,343150
74.55654736515518,192.79400367438097,263366,318850
149.73839989087605,165.4272577925218,31158,64145
81.21631653850847,99.12252168735,383048,81071
172.55472022418323,11.194013297474903,233108,196673
12.609038022448516,178.03833071161844,191364,355092
113.26365258156996,10.035351603970742,364938,116077
99.1948746347112,72.47381692229372,343595,58538
17.62938937883637,98.01012456241041,296046,77109
144.13755356897246,107.96102704149247,87825,40656
187.79073324522216,6.239703471161328,29856,199307
34.0868349106166,153.3058345634699,254903,200010
148.29038547896033,151.21538183732542,128921,214067
76.27122415830753,16.844666951437013,29042,273160
162.43562291935064,26.98603737091204,42217,386840
54.24883856597879,185.3315968347836,323786,10665
133.70764071112455,120.88754943299705,223199,119153
191.22869026292005,56.8524957509661,44954,139325
146.29807949115983,171.84571521915097,383358,236397
7.159508932014169,182.88443240899676,45043,166581
188.170697360346,27.046496014295506,366810,278427
138.35830707186028,97.595318824084,195105,356839
67.33223202917536,69.74218123058988,300464,21708
200.26205970238576,188.9688324457706,36310,382425
69.63137122130746,188.34435586892914,102342,363059
68.25306198364204,154.97564956182921,325537,210952
41.14691543630619,144.3149585197481,56212,287076
41.12715320989974,21.801857077517393,100234,235545
121.20772180199457,42.65042747579805,361203,53986
158.71451561191802,197.4719069781879,210342,73437
48.816504382395586,192.28130227137285,223808,368444
50.87035983503271,144.82421806426436,136462,108009
145.60905555999943,102.17604177412997,177192,342038
190.3475818531031,18.845856455905608,320335,248717
106.72837445030657,39.41333770751193,225870,188530
157.1413384679309,195.3556966931483,170405,391347
55.761984697997946,84.4174934778973,12609,150699
156.32609717756057,175.8267286863477,60974,157983
124.18840833628202,71.75653067262112,313297,12447
84.13467958703521,76.01471524029965,364425,326293
66.98788706011874,77.57793524096982,325282,163661
136.37669534600005,67.64581856180091,29513,15330
125.95135161643348,91.47296253325251,383657,382867
86.95519418243606,150.71724956825418,63640,242512
186.90239088952265,135.2619043384356,46307,197856
129.28644595395545,81.36564893321695,21919,237426
67.0380080035145,17.200776817094876,283344,355489
26.30323383579879,193.51562618323325,278771,298511
118.77794428528362,150.11902485943844,107106,175559
21.247443483636975,142.76808806949958,143327,206000
86.1466952064669,38.079004771873414,179295,331240
46.82837785030346,113.73294925274271,50722,358588
22.430616494134302,29.746208511406046,360014,5417
169.10945618589693,197.1361641483541,309757,212699
131.66163627660765,138.5946922625259,394994,96084
108.63277572324351,124.79430931282764,136728,316804
73.76283327343741,90.54048918443577,280345,75112
198.11946177439745,97.5845910629998,355919,49394
50.706270136869136,38.16718685209256,219864,14438
126.28804208823422,136.85125553415028,65464,116621
29.913886336899363,196.32738995158587,270769,258007
152.98470761254055,100.66436221576942,204195,218447
56.8847930814283,134.89214257212376,273834,342784
93.36267416632406,134.7411899807996,34241,73294
41.540465777696646,98.47272228819705,238836,361881
99.10383979155183,59.78701589577978,202508,204814
186.30061424421578,7.125680994870131,53660,103446
112.83947355579635,153.01880635975635,113128,4454
157.06974202349093,82.81821688353327,354282,172877
47.5683382911431,66.5846253266769,42108,117307
114.13552732319835,9.596954472097508,188332,199886
114.93557907059055,178.74195558391733,270583,220772
135.8377925037839,196.16453386063688,221887,337750
73.04442131725637,118.64169698129623,2685,179725
135.51900731056696,102.49513252732173,323193,380673
23.720221490920913,100.38954891098633,1857,154608
127.84663045800202,11.157733896865572,19366,273867
107.90328196874034,189.10567264751205,397224,31100
14.612058753202493,72.48467670747395,89705,43920
32.55841939227143,77.73458661620842,49999,252033
87.44317697801353,93.31831333404841,389447,132967
128.97542971034628,39.50282827156709,224720,22731
174.77559172035407,143.86059628975906,177668,95685
65.79139730085785,32.69058370657959,258520,78986
66.54405692649237,57.58455459644908,255787,330546
105.0626700952761,51.65686834587798,129645,94494
140.38841163064038,36.06311557417773,348310,358150
40.19748291964961,155.09498324125934,4568,257191
180.10024245623686,144.12490951063145,335417,91569
143.84907740293391,57.927719252425604,123240,170207
47.32541087306515,0.5291132136809091,144163,385932
194.65997044781375,180.08855768395588,142325,264276
52.31601184956628,4.306758812568356,174649,289854
166.1101188504831,21.058366614505942,156822,126978
14.301737431688178,65.36538300853768,23645,164105
130.10131844886462,125.19498645366515,262133,67436
136.70686111643803,67.5919570547571,117696,199589
143.12695626656344,55.73786067327225,34885,102715
11.234020624582197,30.586672774989488,334126,230973
94.12574654263692,175.4002253963163,17819,329302
56.40147940000092,58.76208587237589,246489,82201
59.97066104489327,93.55901476554573,276655,397480
173.46518341682733,89.66922268253305,6985,350703
55.94525243827969,73.47648635538457,84173,323024
33.16306281109041,152.25942069995307,16879,52625
112.82897355117748,71.3695202904928,189566,51314
92.14448474715701,104.92833459385446,82366,241155
47.046794771243526,110.49105152781372,83955,29745
164.4256968555873,86.56224432896687,315171,146423
12.806074559716507,70.08561136724506,128385,179303
61.24995301606758,134.73635645629264,189941,991
91.69118184039215,17.88540916547815,359435,89237
167.2116592818348,116.39607810170313,65588,297422
51.633503477777076,146.85765521387808,29396,57012
180.68547971633606,199.8552265732936,268879,155974
18.71711338516261,137.70552005792982,370987,120642
36.116048879125174,154.2150549813544,116221,346034
186.4883597353855,88.04739430173409,151705,217617
2.5803746099868015,84.16558236348982,263846,137183
132.25650821111563,191.50932168258487,89910,373094
59.615246373648624,44.77073453778754,92648,3789
21.6226011444166,163.7968834869554,235520,295207
64.36425872006029,191.83219731824062,228943,67923
123.85021842450698,181.17294728147095,304439,67966
4.776156817257948,27.718138803213044,77467,353767
3.7650950217633756,187.03942873166392,333376,260149
177.38571556329748,128.45341267474572,387826,348951
132.08585840413548,36.26237478315709,58089,172158
15.013417403969564,73.09188591690946,7122,148063
6.265974158389442,170.62323443534265,302753,276983
133.7882434116181,137.99988344053662,10071,358823
98.26246973672164,172.83254299147399,100533,83773
68.86211724554578,123.11796645144585,91071,105150
153.7104694934115,35.78867001663522,136957,398172
157.0524731522441,10.355984704800068,182120,83716
127.71942267749509,147.4613887498022,117375,62865
119.80389045707888,141.20955624210848,31825,268101
34.237479678091816,153.5604695878658,208890,139052
153.05894114761293,176.03486369337136,240489,268247
46.34983287046243,78.02141421342311,187925,109365
78.00447518343724,55.12800928464946,175386,365601
161.05566044815328,197.68645650378483,73519,208015
18.720889673353934,25.14596287310421,222259,220700
140.45158681255282,59.136791581938354,267418,175085
4.391297822588746,186.17316159027348,40140,195170
77.65786462916184,53.57468029350664,219063,349691
134.18204414947456,26.951781240016192,312365,129961
185.45184769458837,25.4693675567767,37,43565
65.81976550713262,179.89965508057148,81158,190826
52.992409826628176,162.25118786195654,230730,57363
102.2695053312319,184.3582376992855,107389,395243
105.17369652304801,9.922146027886935,344772,76793
147.14742826518926,196.2390060548501,72165,273897
83.35756893244573,81.68096724996637,337603,14632
5.337302531431686,134.44105086607874,262074,173892
158.19656639661395,106.5441643390704,294065,56630
131.85537934735194,178.03978782506024,168967,255361
107.0434542600261,19.864906630921496,225632,39001
124.8313754935168,1.6181298123252637,351697,81131
21.49459350151274,79.36609122955046,290270,201046
147.42662713113322,196.92129002526124,72931,87129
145.75324841362755,34.94589465586647,121977,376612
12.852097668931862,124.33599518721802,23344,82323
133.9202033983985,58.59101153290583,95863,250385
125.01145637966683,173.96863366683988,368619,238198
113.59361927032889,107.12758186844114,250432,268660
17.685856807772204,9.145876342692649,292554,382543
173.2327837325097,134.51034978218004,2848,80636
44.98011964663918,90.18029436466476,339909,307866
79.93186852451227,165.5295137715601,40143,216993
46.722315301007264,117.80311159816881,366025,314302
170.2552196102837,97.21006041026426,62099,370364
30.783561284525383,137.71172025654622,173752,220852
36.67530842617218,200.1727991555936,81425,333664
100.36956045622348,163.53112416755408,51555,265786
112.37391169260323,76.57762461026442,34852,144585
13.113023508452548,117.8415359229479,167617,349905
103.5360270359154,5.1106649918520315,190125,172432
129.52436288418596,81.84923205862756,346961,150868
155.9806178341267,12.315628879229468,186539,317815
14.669968964266811,165.21967524399525,278277,206501
6.602124962963074,83.28863647164705,229059,374846
56.85035171114027,149.3711939672557,90163,51358
153.5873340113192,127.61309457657374,32449,140065
2.927772908377257,170.33961606111095,41456,133111
186.0443046780843,197.03936066618223,325282,115489
158.56204235015556,50.739338556609624,14500,31349
106.22823581143389,92.82092087767502,65023,319877
124.08718715415282,83.30958151201688,356790,142418
28.044399883735228,170.18745553087433,179318,163044
28.60803728014286,39.366870855637046,22784,70083
175.395503465903,146.92328703179055,308115,87988
165.99773052283078,11.880562094288615,129974,384593
74.04041662754574,38.55994733875693,85757,51132
41.092040828393024,101.91875611169446,309475,173762
31.138669185778554,94.79197819050992,181921,160273
101.13757230715109,75.32167899581815,372885,350190
37.14035063833175,105.26838660247658,32543,254419
189.46558533156175,19.46946021039909,55598,324467
174.08994347308655,17.15606155373469,197940,82641
132.81472302028038,143.11631329410355,324843,326760
51.06484311689906,85.44881537151207,364008,196435
12.47177283770885,20.03352043143992,56944,175096
49.06074051580948,117.91461272306375,349129,311559
8.572719543561568,73.58515301795173,387853,79827
191.23666078867436,122.21622299496545,396923,87061
17.01454502110228,137.6728689364333,195654,97342
66.48757312450599,189.86543092955068,389761,338411
74.354242344942,72.42522735352269,31573,356512
140.64272845772715,21.41042167761867,375986,96820
177.07335587942893,32.64258396885305,333311,92011
65.38809743420315,105.11810675126964,208896,104806
21.29643337138961,114.78673491285993,224072,196889
124.85217048503884,187.2804927953581,276921,79677
125.47848507796957,85.04444929821882,281990,284155
87.62108991329022,130.40504154671555,125972,4196
124.10208260227112,16.89226342525926,44106,300581
111.08185639324678,44.57537713713736,183204,329775
161.80741866349197,51.21574839128221,234749,355016
188.12681585573003,130.19935914576826,5773,398673
185.75096145867238,104.33592192629504,268076,354585
155.45848753260464,4.57846427767018,36734,370606
174.85816148507385,67.58834618268504,34492,12449
179.45718360950792,51.99397517124199,69832,112345
187.88614735404596,104.08260587818225,296055,101114
90.63432268774861,73.44428544637717,48645,322224
22.100564133320766,101.01091121269573,280164,108020
101.28770308849711,88.29131724465536,266768,397310
199.5302996537786,85.82048106882671,35973,192149
72.67123122494047,10.765821278622788,174495,382595
21.20215185508395,77.53516092456827,143316,213252
16.736364427914584,178.79868980858706,9547,153586
18.85720161892067,195.70255326589754,283106,105319
51.615773964210035,124.62118779057815,271450,242197
190.17014628760955,73.4245011886666,285388,278725
