4578,841,992108,54,0
93.45837217571487,83.64569844009453,303383,278903
83.54620041040232,171.55445686871334,130858,347723
37.34113434792056,185.77195303654156,355540,329409
105.13046265549166,108.32750625933126,29888,177073
157.20440313679882,166.92358462410053,344816,291204
136.5449167215792,94.56567652961242,312203,376319
111.67328306584288,185.91281297305758,97313,74965
49.34346317195425,26.716140627911287,390587,252922
197.12407889314733,189.03407981419653,213971,18222
86.53912229740416,26.017871034182637,330089,221946
143.7297994163005,137.35464071392747,287084,165002
128.26120392855904,52.68854302163018,130643,180643
23.62402637368205,198.20153028026112,160497,126814
125.1046324982188,38.5410134426177,377013,37968
130.07421888434274,145.51435331852744,121268,40520
32.93014369469406,104.93264999221185,355302,126269
69.38096242245503,43.61087181174802,260408,37903
110.90828536213058,44.121344813144816,158667,144893
156.2927143242434,68.53346205704794,224901,204972
83.90137405766986,180.0663157587737,214302,299487
48.929046707143875,188.20462041517956,37297,296738
111.66629799541894,25.603974526876605,27577,147505
164.79685830849573,124.18906668846064,92080,136071
1.0325635006265594,187.25586575742983,209101,370554
34.09672800977265,160.38387214546142,191778,304342
102.73424907747321,91.57060771250268,273995,53778
153.15791366297884,63.25709067992958,166973,135390
170.89747721678833,107.12222197199624,290174,217426
66.89344182796785,109.52416838370928,286773,392322
158.62637625598342,187.7161751727847,359897,265136
136.38937222919012,64.96127646853273,83635,389784
65.38588988144208,72.99985215958996,45830,95633
22.26675967087023,66.34997492377722,207407,315777
138.01954224772817,144.91848099383935,67570,210751
156.78978737765902,180.64927810834504,77596,36074
13.709451082112068,79.0589899035773,360363,261356
192.72105333368836,164.0942535084465,277920,20998
145.8051156495002,160.01524521804345,136361,251424
43.90331440010987,41.09507310515558,214589,337786
197.41188223434312,194.99694745590443,298557,328228
195.1088485742077,50.00245310610091,392764,119849
157.5098307990307,189.87325557391807,45622,547
114.85058495607124,50.83461557783816,268750,176499
124.11472594111635,10.94967207369234,208120,310031
96.97652320956198,9.123087089695591,160692,356681
111.91443550720875,92.65470261759941,206596,194382
161.72798467262538,19.69959229264885,240112,137419
140.6126474614625,148.96996112970007,143167,190830
125.66625567555405,133.45982004634715,96541,160218
116.9569011534435,72.25598389700735,118175,303490
97.9685910159967,127.22181495499974,107323,36925
169.5651194673712,58.86403810959276,396945,396580
157.94639592281976,199.44283408116826,91766,226658
172.01452468644203,72.7146378259697,241133,71258
129.5034146659979,79.83874371598884,123271,215282
196.4141221411141,166.37366163343214,62971,39680
191.2628244129908,165.31004805282646,59656,108438
186.41736209822392,28.950451879270176,1538,279929
79.25686486506093,103.83828615123635,31544,300
94.29031752201877,160.6360146893869,270041,213375
169.77415148538205,167.3716195581511,399527,255611
69.55300717486573,108.526902349032,174412,95814
124.95571831754407,18.73903845080448,19282,53608
154.55297408976392,195.5491775326125,89945,97332
79.15386299641024,180.2638362108338,221633,316109
82.18068568479106,76.18960373097875,361568,323029
110.42613634852215,56.30968781543578,344598,31279
189.2416831471595,36.11605660609886,184460,109503
133.7129177038806,111.18153031620125,338230,40686
71.58036269678965,78.75865361972433,54830,83100
159.49856242339274,129.68934864174554,231715,288299
89.10076867051154,106.03520685967077,259655,323303
157.716591076483,21.71072476748371,157935,303205
64.92042599392444,82.52207697831734,78856,261223
159.33576695011942,115.07828976953274,267283,282904
56.97013964168701,186.7520863434642,232398,20372
109.83959567973082,13.266273671878459,365094,185826
165.73533573236776,98.59790644136488,179992,133870
186.44447428250584,185.22629077425944,202023,137652
191.21901647104804,180.87967989231697,140401,166074
115.52393440219794,73.27180047921554,96940,174904
187.66231229763702,3.802738209707967,132927,314304
123.82639975386587,129.45383738442368,146016,60271
67.53191309818688,84.34282507437939,337796,142272
156.5741870112352,59.10235297740666,189129,165791
167.59417141369013,5.384923781527717,44269,114485
161.6698145702857,109.19898718474833,232142,61334
59.73900582140871,111.7956613869482,31873,328695
120.64527598743376,195.44271422559152,180184,256677
27.162997339726104,7.550851536447222,95262,197841
186.67810441389665,31.090674403847107,196087,180611
151.51581621644644,188.80722250892055,18174,259018
35.348001626163324,178.09738466786922,62522,229316
196.97731783126795,116.033116531694,321408,208462
46.57703867712487,71.30701782354788,350358,296404
120.66002336344174,162.00523731944816,49583,102649
2.5180919369298778,13.420798503178577,370574,284242
182.29320047881225,64.01966449434488,347619,126519
126.53778826175234,55.48492021192347,317699,278963
26.285904965790785,84.81373548715892,255713,88469
7.764604732247348,77.41943274410873,28630,211832
31.807437685262695,58.58328054526641,390074,280045
193.19814765391092,187.7052289988484,75796,182526
96.65985273126617,11.615167693572747,13440,91364
8.73410876432147,152.2100075932528,222807,169160
73.01899214319882,31.32120579880936,91677,303267
49.65955303833792,30.085358214190727,93447,399784
1.5331765007464355,77.11326258146887,314130,257069
102.597120719278,189.90100786167739,391974,109464
98.11240308763166,130.2348509999795,78011,352545
1.282953489958249,61.26919472472291,61162,217598
97.71114412382714,50.36799235474248,116424,353386
139.0837479299492,65.09743970491097,66485,218750
23.574969772174914,111.94998580275531,364778,396164
57.30182947469834,187.61191626444813,337714,321262
160.23014735282888,34.41940562740123,335799,76618
79.96576591128445,7.111551794712223,142010,338661
104.76708813733492,84.19801282810583,29202,200122
187.2159749287603,45.11508829846548,91148,93273
153.8975850619575,132.61239968164153,28960,66153
109.20263301190812,151.5951981599991,92977,22423
63.42309404483696,8.049371718036358,329637,10617
13.624979639663703,13.175355574109659,6219,352294
161.0819668919101,121.67983117514714,115763,349628
170.03928909724425,118.69209765844867,261931,337691
181.56768522883948,97.71027424480117,265286,187067
54.605685404582516,162.96766883332157,357954,29334
61.52344275931151,59.33656446495302,14396,227459
46.16390586653644,110.94132260923621,162643,219881
129.5908893774511,152.7644014654684,3386,178658
28.93313222328028,83.79200880324419,122592,373001
158.56788868868531,110.58256520332198,224812,318370
113.60406507893644,129.0459221888986,158980,299935
29.23224497712521,123.56144791623315,219701,174317
6.3899039733153025,69.9701925258778,173390,47950
63.610380087373684,102.10825441481786,92213,23918
68.36008397844085,127.25357565814905,374321,263313
3.982814743334961,45.02475904031441,289739,174088
123.10403157116302,108.88728956824812,112318,82403
186.6668218269202,8.140819743509187,21383,242715
81.84466470564767,72.47888493375446,286350,218528
39.921304300226744,77.47057080191459,245935,248310
188.30099568631024,87.52994891384421,388607,399446
135.87518261913394,133.76537435344383,90919,178236
152.01821280684038,132.4297696985967,111098,377915
169.25853412825506,165.10167972864457,117152,137861
184.05058368229945,30.38170528685117,177138,15246
2.360705820843256,193.20022499042798,252137,231370
102.67954977679682,197.8832155187492,15802,335449
196.8722116454331,163.65872658439497,10691,305782
3.5347512567740598,195.79321253198745,83726,17384
99.2822197554773,180.700808629213,218603,4827
136.69208258122816,42.888468498332735,254900,123522
16.871792837538358,198.28254531434555,260609,74771
186.05794108020152,90.95315072969716,93626,366980
35.009480360197095,100.71217730487434,191671,367286
70.99571777230376,44.05854070108178,172052,381377
11.741048172850077,90.9613479143316,168519,125467
88.46657521454014,117.34329979113457,356851,42610
30.264356395034497,61.5852054767401,17089,105203
172.07523802115858,116.24375877519647,330963,224072
90.86374966730003,144.006876517432,178981,355113
82.83979337865813,29.069209728852396,390095,317342
137.69136820633886,143.6170261825711,337558,75096
70.1260297283869,176.76383339798278,275589,59027
8.245734510936897,181.82385658584911,242892,59437
189.25881216565674,75.71556470137376,240111,189301
89.70605023468988,27.371517665630428,399714,155979
158.47854000234713,24.0078324310656,216257,393601
101.00437131820553,137.80754091796268,390165,2656
40.15762647583022,9.383258803760729,323376,187258
86.60225587294858,12.180910433856063,29419,29342
181.9129463808347,8.594094773540462,55120,328774
110.70423828900041,26.52433360914993,335739,231153
29.20294317062434,62.323015813790775,329305,276858
141.7824599399699,167.42504001993746,349422,21874
183.31602999563174,86.4151774901739,144742,124116
88.87581207985939,63.40083741261443,166756,197117
122.84679750199182,147.08804800093347,32931,245300
24.60790382578123,140.62991151304817,91867,327626
12.702440166107165,172.77546200267417,113290,288148
146.0614914327671,184.9670012993628,288834,12970
106.64037009901212,95.38632690710648,397766,338712
183.74818453356778,196.62266725398558,367196,88352
5.942842889938104,165.46208712448805,51521,152999
180.49137771365798,82.26930377042308,42570,65861
1.092996229679743,134.82056015847428,228931,122699
95.04273954258224,180.92535957439455,153675,341671
12.611863336608252,171.97256620642005,167874,79990
117.9988534518623,88.39026448288763,185020,148
13.305587029511155,4.4620087301736495,147901,384037
57.76953523714924,88.26514697922873,67973,351582
93.18891753568136,162.25526543923723,98486,120993
9.04389076395421,58.08091280509243,333470,167282
90.80302500817353,130.71193565043566,235915,235725
161.8489696379508,173.52398552541197,42530,65557
115.41543994270579,73.2018138059074,27050,208165
161.7198414640259,143.33303184546364,315255,396524
112.93545208280636,124.16244429124009,167203,97978
165.89395564434687,67.64607665978471,239231,374005
157.932267011024,114.76322897047719,203239,15274
141.37722460849284,103.2884783984066,184331,309996
192.9135349862943,116.17608649828951,348670,157993
162.1497927064771,154.96669355976533,363263,302838
76.39124389422615,69.94438747698338,320891,170216
138.0058871889713,90.2030898551925,169087,381172
69.98833342435053,130.66161013923292,371769,171820
159.25043334555886,131.1213821184126,34269,14667
3.055535595681091,142.06434068231076,94263,102681
91.77470873902328,125.25295626365633,366131,392132
146.48148230232258,182.03091058414577,42311,90527
87.3504207767314,192.13968469339935,43725,162113
135.4732786999357,182.5526950871615,286414,305038
75.13583122590475,118.79130839927248,320329,9109
168.3168562354674,104.58014887506813,204610,381459
22.574618720240302,105.52303978161815,196596,378634
123.1296357471304,131.18514114297608,202424,91716
156.65819195455813,99.23442939117606,380044,125770
60.40012826953792,51.54571346172455,393478,188853
38.8607282823341,83.05169535525314,272595,63116
83.05258219249808,18.044040445109687,36377,179577
117.26298786330135,93.07535669035963,61570,81436
9.638013959055048,153.84362278882125,377632,358598
25.152358416735854,112.76078473600336,170930,310833
166.1681369296225,112.6227674738243,349699,130463
153.79149129015832,45.594536080592505,323019,359063
138.5842086553824,199.0086933654196,85036,397226
54.53316044676274,13.971130730106108,34232,333910
55.770898821728686,160.3752546751657,196141,171030
87.84343262042587,87.6567428539826,142067,315803
31.644407871218014,180.1076481334331,321606,37670
59.27550675683712,154.455547413035,95007,41387
7.79626366584204,120.64520968701751,123651,266069
199.58199697243555,138.55406344665545,48542,381736
163.46814227635,172.40816992914762,359188,243310
51.90980790497587,112.76675706710458,98435,45538
39.650856234680795,12.291989031406613,165555,6877
26.709329377918177,88.1749049267595,379680,149028
135.60033209150143,22.343652013935767,168099,128343
137.3036287077986,181.44839524701936,115381,134792
40.1781314482467,184.46316073329743,384687,382394
108.07415079384067,23.849444931742603,156685,51074
152.66097106182863,178.82132727870336,227006,37875
84.37223922537478,88.29580566720765,87299,385830
107.90628558293241,159.84653462362974,12846,161916
109.3810401940138,158.04208472045624,307743,264459
163.26648149409988,61.17907210227945,13145,92107
68.42544126771843,63.028708712412964,386676,110115
128.04610321190975,146.3671636820557,378794,114332
45.22860246959869,72.63197262876028,234299,170175
153.60174832703797,41.10426376802337,262067,364221
156.28795494181549,195.68315425321745,86179,285380
70.7764777343448,180.6777938738496,170529,200310
7.211719924778969,23.842776356628647,135991,58704
12.997016023990914,17.585644299195835,221153,247956
186.2137216459583,120.72533679281777,18590,310599
134.17587563438366,52.92387941028266,79446,87347
122.08071815599214,148.95340781323475,22239,258301
191.05922983094578,84.4770311062274,189332,75909
93.24718141906204,17.33540714319438,378862,349990
64.72809380581589,67.14723490299815,186291,282278
196.95822368154893,81.74146453560954,40018,173600
34.85274546932228,129.5096417665471,231778,28519
48.067384543245716,141.5044866197647,386355,166958
166.65117647429324,115.3251528906504,245804,71865
60.37227698629183,118.18176919587813,276425,26388
32.31949346222261,161.5974208731698,86337,60680
13.483702758504222,199.5335533419669,352567,56996
58.36854156580943,85.42455052397996,338874,394292
178.37199795151056,77.24239517075192,164453,362482
194.57418756551112,140.0377059812482,133643,390219
77.63455675091281,35.218129586537195,350925,19816
150.26172542754432,84.98370592565568,39796,291632
114.25003129315269,173.6910761717388,316084,83840
84.90533467853784,74.71733465232994,66491,276285
196.57358466809782,134.44801354072402,91089,40357
102.41448396911846,141.6167591634542,379227,284862
8.403740201250997,160.6451873290049,213761,181136
146.2582023876241,180.69211684293313,344890,236673
171.31033200240526,151.14661758037767,176870,327394
174.37825179600537,140.46910014540777,104480,364822
81.62491421970986,109.1687058778147,119942,211872
191.67113059748124,103.5153780596007,29531,191889
195.5054244283574,27.419786431838833,362908,276602
1.0593077639215682,176.0345304832563,137047,54677
10.615627429314822,70.5399620535074,261802,214547
3.582025941953659,83.4491678184279,253767,383311
139.90300300407725,118.47929014821209,375938,174433
119.64832724579148,31.877847289819005,334575,308447
88.78566724574014,113.88425905441292,58983,209795
138.11696473011736,197.1994597625078,215956,371333
88.21597044754638,39.35145913531072,285829,14439
132.08324078533224,156.68946557325057,56884,173845
168.39475096609664,47.68578657846428,235520,146237
49.418419324405214,105.07447974415513,391284,126007
106.56247593014729,125.57683329446158,347263,116286
115.85673989478393,78.7312942015054,284831,245956
81.86058043404091,118.2635234866764,187466,241520
136.7657037653405,39.47321905270117,347981,349112
14.684800672191544,44.05184727827168,335194,34810
193.0499294842224,93.11608021385528,129202,122195
160.56160418071056,131.6161616660539,44470,298952
73.68564161766861,97.36889691779155,78589,48241
32.06467473964446,2.859121552243737,346013,381739
33.294163536166224,67.49513719841354,46994,263585
8.721140275133433,167.11141065005137,172828,229253
3.446843728011639,44.95991852498814,168738,182399
195.68186013269892,190.37797140941558,196514,385794
100.93313997354663,141.612234491077,96676,16500
47.96734234955048,142.31531630296067,352339,353378
79.27608061396215,6.918860195064191,377013,370702
188.54561526824537,124.16229657595211,128684,94195
59.97789145097653,144.81422454491937,214252,369421
124.92133008950671,147.82756013436094,372693,105589
190.33084821148358,195.67762095540115,359065,15983
79.26153645938511,109.0181695624664,203706,131458
122.51744033454757,122.99178855473481,185148,368678
69.6735466072413,99.30904791709465,139369,305391
145.9072182428848,37.94484260847764,50415,222519
52.77896688364386,191.4088302877944,119710,352061
67.06834838332277,52.55649423983483,120335,14497
107.26631081028334,50.95834888945955,4907,147098
90.55768424878669,76.15941061120729,191099,390551
111.09712580276569,53.7600660615896,391100,320054
162.91653193541737,23.94321141143235,120684,144096
57.30826636899121,80.5138827829048,373727,337233
91.73872455802831,61.84174073374261,54982,144146
140.09080102886418,17.434324336160643,142911,144667
114.82519632486004,100.75968050809391,235294,91468
108.60427031889141,190.42911162584235,364203,106238
79.30339624225503,115.8123365243215,56972,40646
74.7493217998147,117.08713826833356,242389,122846
189.5529846867837,103.08787932959233,165199,182334
26.1920885363229,173.1882396415512,243415,393274
22.59939739502147,107.00486841545819,144884,373002
150.0053161299528,71.81482221060914,211758,32369
101.44667764671874,124.5746585662953,21373,297318
137.43511104209475,60.800248318423534,373987,301256
6.128389243194487,97.10892885811376,126096,256255
197.96258449038527,109.94768033916014,33775,76790
18.943212369716733,72.83186078356849,198291,226714
151.82794976066467,19.329453160729457,27625,43546
108.66775496570239,12.53537306212905,198440,275812
44.71524564304051,4.538318716115774,183267,64792
7.136069340011974,121.29908340061584,32590,70264
195.92986382074582,158.89104153813486,165650,394315
103.45119792637965,38.204946527562754,214329,143083
71.08305609817627,145.53984459839,206117,117101
143.63129841936134,78.10487534031742,134478,133403
190.34849819130847,107.86032088890343,143300,37667
178.44992846563352,179.418788177295,320892,267148
131.4707431875578,12.36429232520605,56369,103781
35.738908294387606,113.59514295343949,60557,294408
59.954430703388205,147.11487297060353,212402,39275
125.99150642829609,8.57715206844961,311546,364277
73.69183140660299,16.95657300666683,215471,389880
126.61554555279487,43.080239806923004,7145,154126
51.51471651186718,15.94891558979764,322087,28614
169.89872603464897,2.7704752816284923,5513,81531
69.98046495164067,162.71496746235775,280128,290180
6.294758557741697,34.985094868260965,84372,175823
34.69149848147329,185.86963353435453,341346,373628
186.0261730421736,86.27486579285996,63878,344876
55.54730477825297,108.53411572104366,300912,14564
140.61143860036847,6.9694935128040365,85341,255814
82.85954861674495,51.805521817117764,87365,296243
128.5175374993901,18.741706145680947,126801,98476
175.91862096476834,39.94204730267449,332966,327514
196.84731610712518,83.71845338280897,292750,169442
69.45434929895575,112.32705371069936,140565,2829
199.3019310614114,115.37904009239145,73650,320133
67.93033747329234,30.74794177621475,2500,25146
79.49478515065556,119.98551157454959,62332,52646
73.5703117672108,1.3003238764090925,393328,106791
92.29283947881012,49.680160839875086,290026,250353
41.63170499285663,128.81271205606922,8067,286353
92.85651925594846,41.10443740541919,265595,319540
65.28629839432361,192.96469932392435,280308,3482
106.44866132547192,172.26258655482548,11915,259403
191.4860254300321,18.499755274273333,266127,313331
119.26877254209772,20.567799507328353,12723,391656
36.70363508847284,130.7456459194926,67436,228720
53.299088000777104,81.13854632782439,208421,213235
145.13871786421595,200.0585830858227,334204,21568
142.55649450018677,100.40355977564698,388641,1305
58.93954640258904,27.184420478701455,221896,213299
84.7368407046189,99.2457399690276,171947,151197
156.6557888112777,182.63933717589993,13432,361891
55.89871624228423,164.96374971861096,251775,64105
78.326645152583,48.18650095849121,67686,40095
35.81971201715676,54.32513048108646,230253,136135
168.51857759032063,12.831440382175307,82125,140488
71.60303126066448,2.3720059970530833,204480,363086
16.827165844481417,29.3609407788061,347038,249687
15.023000982815848,114.24018145302243,395937,85061
102.79353516746569,154.5650765820901,171107,138506
197.35820983574928,130.25962328360836,348573,322202
112.17817378123965,75.54321229198266,37080,367902
180.82796069283302,7.589888790850907,350735,143469
196.77847595550259,98.90941609155904,165691,279739
159.35438105145067,123.55261240769471,120838,143445
22.54198389839607,166.66439390557457,247744,84626
118.72692307456582,154.97567944803387,368864,277811
72.05968159520339,113.74678493945528,229518,325454
37.23049189435829,161.9549555817794,18954,276468
28.443766927846948,33.94979409483386,35839,324509
176.67138491127363,50.54009888780343,134435,144454
18.296971797062298,43.49742927038661,34762,304156
129.1290760215606,13.406188933802909,285142,388970
91.53611237477833,80.00054683424952,358586,213193
129.68433397978333,66.40302594773267,317728,60233
84.18672068699014,38.01467046925161,213778,18854
187.20868183663862,87.17420432810661,170622,10628
175.23818185604756,194.6319127787822,233040,113132
25.803677559892577,104.37901309044187,392027,311171
197.93551955515082,127.465636718068,220995,30567
154.7845728308078,126.3769025148631,305006,383727
96.55486165652184,165.41240798816932,345517,15057
15.718809060737915,189.8669596502565,372302,360954
88.21015886410385,66.45817205141405,308064,44609
95.83874922395837,164.60932814768066,24838,230399
61.3891499839711,197.66813524682803,11781,229737
187.4076068442163,192.06149028668523,287958,52790
43.91220990287016,45.869565220391905,120096,362629
135.96044809944013,144.98548869732164,72674,286068
137.41881485703556,43.28706242696235,104222,372555
114.77669323875924,162.64285191212895,191651,234296
137.25850443785026,114.77838830271986,47293,199073
130.8488671097922,92.28708889531846,195763,207614
39.11618946896277,190.9782454153681,197301,382735
185.75282530863473,111.86021587893529,361094,74236
39.531461269080324,67.59577307363229,18993,136215
44.32986645578555,140.04408050082492,286943,391299
138.74778554851258,92.71139213556664,88355,355992
200.46876604648543,186.43095895035137,27206,78751
182.49610865918496,132.93789495767427,34148,6908
52.40896471614559,44.25480908212277,83240,154307
175.19816294564797,91.88233363701897,104674,100746
24.13231414471798,177.93636576545805,366024,310878
160.86344353470972,50.976764335045644,195978,4859
193.20313235815993,64.08633115713084,48391,45226
109.2204219010108,178.32048923756506,237534,201833
41.86234343393899,73.40192229447807,10167,378160
132.3125743548085,44.951643077874415,114980,167153
154.66419412837038,57.27831055548328,276838,318931
169.22335108105247,123.57446871026586,120402,246573
194.2211545677964,161.50837140045064,260036,309862
151.46691758076017,180.21883230676622,259002,145842
132.82703330421768,124.10663621687604,122444,367053
145.9632088970842,146.98250811650757,15307,248911
72.3676828252431,28.387241958795194,222303,274573
72.85250411730621,60.662753550186984,360794,57438
2.886068167913824,138.64585669150975,12435,267383
27.515825276484627,28.85462879667958,98168,21226
120.70143203638432,16.212613593454815,31733,184071
75.24931518217112,137.4867091807242,387079,213238
123.72372152900401,29.702183778403402,387002,81281
117.66261209106574,121.66365251000192,308448,30567
32.562329189966036,175.80859656139265,348607,42788
195.97933095963916,99.34689890937888,348715,143007
143.58504820922704,116.17175719117202,132530,169780
51.33180524328081,13.462738184740385,282395,363024
130.99699638758418,21.249742323617927,254218,35096
118.55778017863662,75.4886461975307,386690,17546
190.41289693918634,162.71159214023334,270811,369890
9.994119048088724,69.81714041779182,135091,223711
101.79723137300395,89.93962906200491,258173,394702
30.766987010280566,114.989071554259,340398,210211
14.928283966079135,101.49346816995056,157868,310447
147.9198101140943,121.35845790880487,171957,266451
89.96185237061242,25.910392114933657,359148,213129
62.59487173690243,5.405778895212509,277811,198421
7.861072657394252,164.44387704242817,329526,209730
166.96191746159923,173.63979371477245,217360,172778
83.42831860105392,37.09403211227532,276368,352934
24.613124847098067,163.07644578424848,99452,217905
134.80627656292188,87.75586004331714,398567,296361
123.03831116857063,194.29055779074525,163405,197229
89.36588726030666,129.0740424020276,388027,362332
97.2527713350423,65.00944501410756,100396,65085
123.00160098752684,86.59149140715631,160055,37568
111.74297353502726,179.54010574097455,262486,213428
58.51734107761294,88.33362470600903,188267,154132
170.0677170817334,98.75109845276596,82546,98423
93.89225185317004,52.77647546703651,70778,114959
63.52468142404454,17.999543244771388,341118,300080
32.02172642403315,177.27478796227203,173433,102151
97.45968683266001,181.8102574797404,53093,109353
63.669260546466276,101.92121103614352,263048,392782
80.6292570769496,154.1614322693514,177047,377381
172.84568097583258,111.29021687016666,242369,147823
23.47070557921281,46.16639550212541,125017,291921
131.03790652156616,188.7854751665829,162555,293895
168.50912185789545,107.3974195472608,275229,207310
200.39646077675633,114.92773457112342,395044,339457
133.13219541973623,96.08267006544605,395804,262625
137.29316730967528,20.83660172473779,91345,317067
53.66187540529622,124.30415763328354,103546,111068
72.08490346849425,99.69499729753079,63494,331470
111.49247377047539,28.890649733908834,284164,262686
118.34938396795137,129.83405070129444,122946,219364
37.867405705796244,33.068149192934136,314373,77771
149.55196696223254,70.30978644658407,372943,204460
33.82730672491808,158.60877408156833,6925,268112
171.69170749810516,109.90579803690748,396602,269921
115.55079247447514,128.09048588498382,47517,364924
149.96780625849868,149.2091795670369,202987,181886
171.67094904311935,1.2019777789162518,179722,238172
33.28713207879909,97.96504521092709,335905,21425
76.50610123098235,41.43274911419429,161693,196197
114.25759548752798,110.88860769490609,49462,301732
79.18798340562195,167.98507412381372,103254,236181
100.31328932656268,158.44839029566018,227152,251127
30.474027941302637,54.71570727660205,350476,66286
24.303697015999383,38.14967910560393,223901,228329
123.03897306748685,170.1179780119331,185816,385847
45.133468591394546,139.23950903616668,267291,169481
123.07409205703476,170.92264447972738,195801,272914
170.11900278311924,51.59343640658815,261935,91568
136.27586920830882,162.33602444095496,22983,396690
144.26663389270448,189.27513662215662,133365,221363
164.3499365876914,100.12960930672038,167498,278607
105.68167655708363,21.70352822524916,341852,332119
112.93582005907722,148.00402773531508,76298,169194
193.17154340991968,70.71300725668318,40078,337428
61.69409867267089,116.50506640675907,90502,326114
38.56678767683551,149.62157980838353,384330,50551
14.884969271883353,130.27802478063256,221092,233818
193.48437391460072,59.674235483246676,339553,318789
138.17640768168712,115.99181556881436,23436,197716
173.7056228974594,98.22487440501303,355489,18900
36.0964814628994,125.6039390958036,268724,353911
83.91952208821037,9.455324081898763,384045,231883
25.307988908598745,144.90429656757973,204089,102174
75.54880809168056,169.3742855116463,96465,44875
61.93003117246009,55.977697506584356,174351,122763
39.363708908243154,48.73796945801708,109586,15228
46.03070241397978,179.24481552168584,26950,90404
125.60470617011626,56.20816931369862,393081,384853
172.11259557063755,105.33675268706286,338249,165904
84.76362470414918,4.707442232814862,157049,361992
49.22957652457972,12.862401483467679,351290,206172
33.76980120289085,151.11575914820617,398903,261251
66.00341469581507,163.1480956722193,77176,112032
161.22783931933958,177.12339160808452,149350,369302
121.3236959757899,159.64841030391372,294740,140143
112.06312507007074,60.53144291678284,259249,326723
37.35865098705341,84.7033561482872,196931,305306
141.33391139568607,144.26941095763155,5005,171741
83.49873295965865,90.78331462092089,368955,162201
38.32215753229406,66.94907856839511,88467,196684
193.19411389914757,72.8267010967681,226105,6920
18.951983335066235,55.34086963257233,40570,5904
184.9022439053723,112.61933026174894,395065,342480
125.1128128587767,186.563313376872,102870,369712
197.47732010475755,129.64675290496942,305324,288110
195.96645623403032,156.21298528985227,277499,106693
122.63047711103565,144.10395825715847,339851,109552
65.55154821124555,197.70274956044202,95319,332487
125.262798424625,39.778881500436945,166024,325579
54.0976616372172,106.6642083663366,372714,113976
58.593467581244006,174.71978358516952,351846,209847
152.9329153500209,160.72751533234978,309262,103570
36.51759769737281,127.70966985229497,115875,199084
34.59569788599474,177.0126576421882,152149,213239
61.352854783493115,74.73614849086036,293593,392169
65.0011441314991,114.32167561760062,114820,53544
21.266506333896384,82.37059272910697,304065,4919
51.89904935207373,60.75609278668962,248724,86223
177.78467401903052,89.13868725117425,12599,8881
66.39973079535537,16.118723923459953,290265,133665
128.8195307547645,60.83328591388511,263818,307924
39.42072944044025,7.188962854839242,121312,251758
134.92734569054264,174.92305732149416,62327,292167
114.27823797399802,197.35622561746584,74685,155565
173.7268360545384,70.75408006162448,202450,232427
166.44515347412295,64.1026123203219,131221,289316
86.63264971574033,138.50931731728917,82300,26226
52.23090962053817,21.763372213853906,101011,33875
109.73926980465693,87.64082541065086,41723,44381
174.68924879557693,25.557694182742885,336157,212385
52.645518752121546,95.85401540633204,329480,248427
46.68693779948519,78.14325389623036,129145,7897
80.43531590121934,88.21029459476674,249039,332362
161.4014764381491,3.350642888341648,349881,69066
149.4961316152132,112.40711337308765,309598,347197
57.56760840138336,94.11922894603174,323861,260319
191.30822337396282,175.0497758207381,83845,257125
182.9429543338116,183.17882938398157,168242,318666
183.09571380313915,183.3812878574751,188595,206646
41.47075958219567,35.272722309666015,265084,91659
102.98975852940913,30.491824892528296,119898,163403
68.61504183600081,87.64179234683614,393397,279365
62.185160665881476,186.87146210954933,300043,75393
160.83843328339373,149.40755497811287,9332,329798
118.92001752193842,69.05642171126213,175122,95740
19.06809685008458,148.0989399945068,100988,222624
199.79351665130235,83.18272738739472,181389,255978
116.50880078157536,29.933738530446174,32652,275072
133.15529219546613,58.010040523303374,328908,302092
116.9464504031377,186.03665148820332,181250,241820
196.62107485099008,43.29509795651144,311446,308077
33.748815079513186,105.3714429177083,315255,208352
15.139067430465191,44.5365721419858,320939,154689
199.49496202957363,121.98078311359033,162276,266914
45.76971172120493,167.7139267344949,32361,258882
113.30931488270905,113.73371530789082,185501,14997
138.1438568094195,165.71024618149252,183971,200305
33.672730512550984,66.12318888099273,131197,335759
62.50088739554934,4.024980020708246,20534,271344
109.2396765823472,91.05426111834197,49026,133243
6.724446592293775,123.90606752339396,229525,316759
193.89004361453914,99.7138651764382,386827,325695
125.70953137717427,187.29370464174693,294436,345126
14.14435558935575,192.5844783507948,359925,386906
105.90594755136092,185.47856834908336,389620,259866
70.80473623778062,129.90292889549187,318689,17030
19.55985024353449,12.018290725232273,47288,280121
120.25903283507098,73.19178420245228,359393,39587
180.96287399359557,104.48497452175788,119358,38090
36.68462046142743,193.09969640988743,375604,376638
84.23693533569198,197.66661735535922,204994,187789
81.16932401132019,180.24892772164137,217319,272985
161.52824055580402,185.92430911874098,322197,354535
158.6628646732033,93.0487109596617,362506,74743
24.025851652057828,131.8974198532621,116259,25292
124.1903923479548,157.8119387270015,37411,278039
67.40450036131,184.40906542445475,324545,232922
185.78352594021354,89.70552991796953,160928,228684
178.93762452094097,66.38628968339751,258014,23583
157.37109796087103,25.142192161570662,162263,46874
75.83099519363454,84.38158301127248,310382,38920
39.05480534017961,103.62783181531454,73837,47650
42.859512071020156,99.74756896607731,198376,238744
177.78157467275247,75.6357148632853,80495,94361
91.09530940128384,26.932492048252023,180316,322825
105.79782734744757,167.9802698205898,77099,233445
106.71459578998515,110.36328887375699,173023,180309
119.18854242726383,143.98086484312725,20759,122753
37.25887490659016,135.97388647238304,136661,76878
80.3991067782792,46.384197455784246,313822,85273
19.37364652647787,99.00084436855353,27547,204469
77.4178436143203,9.873189098248247,357443,312673
93.3998165878072,152.96525805440248,50356,113942
103.14520527510257,39.72636772408092,339480,171460
192.06997913403742,66.92128915780216,141435,245625
120.64914441907271,45.874157152144676,161260,38392
8.158987246577231,14.585459094955223,230213,379852
127.1382835809851,28.673362510904344,42819,182727
123.82586975938062,189.75043931948775,2453,392190
29.582958080668032,175.00824608179977,99188,275398
66.50787099972946,1.689353559659967,12884,114820
190.3617342154111,141.02141727885322,374246,95328
95.90686096430977,50.70531429406858,93714,166892
118.86546842537618,180.4506737347324,392408,269741
36.53987001138247,50.58308476165284,334986,77986
185.7852117221934,94.14412697391089,55265,395296
72.57812409662493,68.83882879424289,194194,307671
166.35201153860228,5.16586863151448,29251,248610
97.719294917824,49.09719912042919,85779,269422
6.968849873439231,42.683202027907484,108485,296820
53.44491108482327,198.78575678451088,259923,237204
20.735278503513566,93.61462901944543,283935,279764
144.40521369827357,40.13217834303596,253674,50389
199.94661440906322,60.26047713900283,328174,387361
149.41681242876348,88.06359090810722,4608,390643
70.75973211162173,60.65567193606266,13932,177988
169.6000906826631,24.296273409972237,37414,257605
74.23923874025667,1.3719435543360188,225289,209291
99.84350056939472,156.30194768664583,191129,116417
40.6889710903933,24.52515331630555,141931,155559
63.755997993215644,90.95081955703355,23725,29198
16.667292430218303,25.757595778473153,129160,241749
12.627341603289409,107.84467250961302,348182,227657
126.88804127153536,11.285469012368164,212362,348450
112.10397187941331,113.42352547228572,214504,205608
111.20541602694182,122.42353046355065,130047,84190
192.12610877366774,4.989051689997048,208836,223404
109.3281779561145,127.39253999519352,60461,51060
141.35487275033168,19.345545352289548,239284,399011
96.43897127031228,144.1257120368659,90863,79767
21.416840564221406,13.696812889989907,39095,320804
159.5165684924361,105.03858667120686,174238,368536
52.753009443573895,91.01346524408068,158580,214739
189.25471112100303,155.50742901476485,173276,136946
185.99974395230825,86.93198240403561,136830,249948
22.799178926534722,151.68510121679,82419,103221
183.34647757061197,63.37263841715076,218819,210700
169.2173787268237,109.21552948211772,387857,366336
65.27872294634288,172.85090884532673,317137,165663
78.17994515047548,180.70873543752006,175752,202536
160.97107673837854,168.6635943232398,259364,329586
152.65443113580375,194.2030633880489,187111,195047
76.16312951863266,25.89013189753303,364526,381895
72.74495846157124,64.34043752498533,158297,72066
60.82746337927517,126.96862631926503,190853,385062
88.79143871113851,49.05900130102289,61765,352218
129.8929195495813,158.36805440912678,317454,196293
90.47556162702718,133.08611542725362,61763,84197
132.6638976089283,0.8409142129920273,357397,296139
182.35097684886856,0.588397693923481,326920,49688
158.69741766969128,98.53667053128164,249387,239046
146.6796276722557,147.57485284892908,183464,389791
147.4599950474045,19.89380487347977,285468,287122
187.84820838083047,173.99915978654178,376051,188648
83.15551745710647,118.0900012389276,216937,104669
99.46555874462013,189.28855417641572,17954,389637
111.13940679574944,137.673378166087,279713,359839
30.38658474211059,125.93448536006923,355212,391330
24.133157082101587,157.95609638515734,28757,379447
138.62892218369112,155.8846561486459,393338,106742
110.22243438226879,8.332462990106448,303004,188974
86.07742491368796,175.22279145603358,10981,300328
14.931507542996048,15.769801286875783,230692,8699
150.01682839031255,4.8314224991581,325008,63598
190.46221330179986,64.56986739601699,260127,30219
102.27754543577926,48.59971353176907,239949,154320
139.78730769409222,161.7438990999569,328124,134022
159.8806330274979,165.83310658436312,228791,157779
24.39100190346143,40.9936240913574,240311,285033
153.65927863958498,19.78971412176532,320550,371500
114.1244710103625,21.72636432688363,125532,61139
38.922733361127,38.0300602955801,209602,154217
97.3358895066624,18.512606953401324,126412,142029
14.697576699516645,200.21750663054473,371079,163457
29.963986065684722,7.051974221617196,396897,189416
89.68857219242172,2.2167628149859837,379784,194483
33.846112258918836,65.55600966022655,319464,147762
82.47932801457635,38.252359335926954,201522,62070
116.65687243311935,180.3666904781416,355588,261302
53.650319796101385,111.32846285640815,331480,62406
97.60682744811632,20.86562438632148,384589,227301
105.81010745500696,1.2712390593462404,343100,171016
112.61278350630623,24.923609654880817,68185,102495
55.77395236843109,174.20497095412424,324771,102103
27.797221931085993,100.3010087171822,176407,229401
67.41412695971546,50.959423982084736,12766,29424
7.954767590538358,131.91955947144538,258993,113696
54.55678438364014,118.14801173931545,217929,271924
23.483449139819466,16.54314711121342,55622,278512
25.59325973208325,77.1501167284072,190195,339203
101.03828830769551,136.26177717156372,331657,309928
84.46787042982885,105.04624433852509,129596,372738
55.019825972762725,175.77735133836245,398919,223403
150.03146961816188,129.137415134709,276637,161086
113.53065466253722,115.72434888126034,367162,335168
165.4188996732632,83.84996351113055,66084,87035
167.564481052853,59.38153416252451,10398,119122
183.50124773987318,75.77973715698954,265170,344161
129.25468258360237,121.77445968340555,38999,107611
10.338644552603014,88.93528900882616,296629,349990
46.69844987347865,111.34131024377709,110576,77049
127.04889308853441,36.84369847674763,279170,243684
161.2582159800882,132.41880926358232,68240,55421
187.11921183450102,39.405428276635476,390949,360229
39.770078139745365,133.55864867855394,234377,12188
80.80595568287401,157.9211369989626,227942,318493
9.579085287277366,108.24079937872278,62599,370706
185.14777348769513,58.63442954759953,297470,309926
68.96933141045896,141.4161300593226,199062,279793
75.894255271226,49.8849474125716,187148,149387
148.93269528996456,192.36951461611702,108271,48542
99.33268289959443,16.366683908537293,93975,233083
33.26951199907592,50.90426828180049,273852,184120
4.962438815512404,81.2320292968593,188145,106886
81.05741505070439,23.44176017994223,57694,207770
175.97824255343835,97.44318172401957,7942,96009
176.2565685495716,56.31441142356589,117763,130975
199.71210140132635,97.79462253777344,186075,140435
100.71068604042131,27.68871328282406,325606,129928
65.05763206588362,121.73343719990744,160061,390013
95.49919514822946,113.94542331995959,356726,70976
13.342089993569994,49.18399013852274,218890,65799
157.31652637296014,22.09914475553153,300658,257619
92.37897020081661,79.10969529768762,16718,170901
186.49546550322074,172.46728216343843,145327,176220
144.15959319150036,24.96331154791901,82862,336238
46.02306223598244,95.18139159666478,249271,210632
2.8345929602476723,101.30791510657616,48231,268533
150.36481113669888,84.53032122065359,109518,295877
183.6772683700944,145.92938791806904,292549,47806
132.43635852898143,135.16661931026897,290070,270082
32.36910332352011,69.2778745257067,18094,68987
149.33683363906775,96.90402161503552,91926,62693
188.3357156485851,17.015653125049944,13893,210074
4.554784154563573,147.5662321692314,100014,360695
41.49698465484689,50.13242561298233,141944,364518
67.72123157042373,47.87460238477409,300071,347753
158.56104755755737,28.2117239781963,171840,380937
53.43586115693758,44.816546154233905,91297,140285
187.14591493331346,172.06388035402998,179257,45541
128.42602852037652,100.8259509421526,223802,200958
162.1875667796918,88.52757206602419,91058,218075
10.885383490791899,100.31425676935484,366966,129206
22.297199925484566,178.60322817559873,315207,233850
26.224053854554786,11.873787037196625,204796,134075
61.34593503817697,195.41321210823668,232118,299219
117.96644930653427,137.46638605293688,190555,2073
194.34008240814902,155.3557577621831,104766,60552
168.8504007957098,167.11827490026317,156067,147922
192.73741693936856,178.17761028625307,183512,267050
62.38379912399142,171.44891169529157,122342,272782
63.25198917033005,192.85439351056837,37700,337457
165.64646307687462,131.52550199755342,274929,185449
110.78525739706787,8.833302927884123,47836,81452
105.80669975238123,37.188382442119845,38148,14366
179.66207758180008,38.42998909993142,284511,89989
170.8489735112121,26.643710250311614,112223,22402
31.474350484192303,47.426091393735156,201217,321015
123.95140830783083,121.65130958666427,246634,288607
50.55078967392031,98.00546436746517,213940,297336
74.75515498171652,98.30537212179885,340077,397023
111.76095438166,81.29191357576934,51788,187767
2.7520935088146565,71.84630888115483,132553,340181
176.78340068884663,75.47867665185791,268768,199988
40.878099559128074,148.161551997355,67075,380820
165.25417499622827,28.81586025357811,130093,52898
173.206887227199,72.01439005110464,247490,316698
171.87083542081393,82.86658662500247,289930,7029
110.83911733392658,84.34027415573023,270190,201050
49.44157918006221,108.15112088687907,383837,391467
25.493511879958774,174.30299927915223,161043,258049
65.29646244947865,18.64111503528664,156586,175830
141.12677325499206,96.71601712877575,73788,327096
163.0513943504485,119.98837249081133,205698,46713
119.7068038338338,26.78979202792838,101545,56893
56.44270459439519,194.69498046513073,211081,232062
196.98498129073838,81.22265744714781,307511,218103
64.21417490612097,60.84907102741034,138606,298579
106.07826266921036,171.04245567875248,189300,315186
16.596791173652704,194.1335177622787,98791,118590
108.5754704565444,125.33755428000171,393740,139969
160.90701284393478,169.50882319761675,188198,137496
81.79550687081195,78.47110936670677,296433,37302
136.7101503960156,162.59636284681957,224910,49930
193.19270878866564,123.30979466070568,254519,288180
134.73389471930852,114.03980863676038,270244,233423
144.54736921390534,60.55023674043408,249437,370764
87.53137661964733,175.07063621939437,120636,336403
164.69211224065552,114.90090386815949,331158,253610
37.415828081157855,150.59415684800612,346852,250985
