8985,131,475253,61,0
105.69743703403577,163.09603796729957,307372,249553
58.036010084522424,148.31979351954226,76423,252500
135.29321470253154,88.60857619182102,241961,139680
134.14358117818094,46.21067892608549,14570,385190
10.906328978429503,39.92306099452648,242770,37605
12.743592905964773,57.50812377700728,101870,316857
50.80425646227423,125.23243099750353,196846,30506
61.73010094536061,57.910234312121844,343357,271806
112.88870297718906,176.8484815507031,17503,378901
12.747249071504562,74.81871639805937,308938,114457
177.17227061754903,98.80127592413815,210322,195116
167.30556823938696,56.35516683158549,364171,110797
39.88737394451779,183.08383133409552,274489,254202
131.90352639965562,158.23069736652786,7301,82471
144.04172921884103,24.83095670707226,389507,102645
34.13740745365771,83.22438371677255,160194,243431
2.7541460011954673,65.70250727073255,79523,38429
183.9598434502933,60.46811918653573,267156,214849
156.77584691429135,110.45873878910447,271868,118500
156.5587267797588,62.026851237310076,383380,205725
66.73417731394635,147.4888286977628,56843,305970
42.21967868516955,149.16136072932125,339150,347361
78.71009990440541,172.57859282554134,169715,372385
199.8259727164549,31.29864415446454,128404,304882
158.0359914454576,188.550155207261,204137,279603
89.53627333145334,152.62061731436387,303252,109845
84.30895910123871,113.0201174908496,101153,270946
81.23230128307101,24.197649850011636,13352,305691
198.56487077458195,63.223945054025435,351729,354642
32.49111384263489,57.99756080948241,38805,351031
133.7324133945148,50.83826151119247,88610,77287
106.43048616726419,81.52583743180259,141333,239860
18.642513936145853,170.56963453292033,213711,395779
118.49620726623394,1.306619907538919,126588,333317
85.13919488772808,22.913762923544155,312002,215172
34.17699920600613,107.27955461125859,95878,251964
22.731410209634838,2.242883119015981,101000,15394
118.19193920699028,70.2226756852448,209279,112682
195.62392701265898,193.94711589097176,349431,142016
0.7168366088653562,66.64837580966962,103384,80529
177.12743164198537,155.80766540453234,114909,29209
77.89515114083306,90.76714998163445,211761,272787
65.00571346204316,65.56157913975012,382211,49840
111.78630497164941,185.95355937561226,77316,186645
151.2796667995837,164.54936549883894,353553,195730
7.984961786605915,87.93992214419465,342633,63751
148.75603348226664,41.61370822252833,214380,257693
5.718896600729184,142.33739022349005,141235,153338
175.841669042161,16.60999988492534,191941,177053
152.99649103627556,198.04973663992718,231769,34546
7.174049288595807,92.94247666217254,118084,126774
5.397210385589346,128.0849233993818,231542,80524
180.7537763918608,156.77436470138747,281118,72994
87.82565042893981,166.94109668302553,248370,53996
67.48788010921216,169.67114564306874,20291,185972
9.801588577470387,140.2801514043355,116921,233506
45.601231396043474,103.49380948488125,322092,179201
1.8308171329468044,193.51097010200027,258585,33301
53.88048838708305,32.80861713022941,126688,277439
27.664072161169138,81.06867830122758,82876,332904
132.18847430925186,171.742109035141,32354,243071
168.75017346562618,171.85392143374233,87194,305533
187.50942123780823,119.27991345792837,255180,343372
26.243989951005396,57.119556334105155,137153,365259
75.71491994833815,169.0557349483783,294466,272707
155.2361452827477,148.0695882948128,158933,45186
174.4097053352912,115.64828904929435,350196,283987
157.49937057037107,38.949030600968534,397783,331667
86.13317033511527,127.61861121680572,274226,227560
194.44130317607673,39.21179408537344,87658,42991
83.73962984738775,95.67418077726907,373891,139796
31.936175589502334,181.58939360842663,248099,148653
155.21569513435196,149.50931716331377,379797,387137
143.47288607500965,162.0537946100419,197138,241032
72.1494900531924,175.4890852822873,387551,288644
137.17511119931697,17.656431897297697,354584,355747
177.55148955625933,75.23643447216243,327452,21074
154.66584504328273,88.28960750485612,36006,367422
132.12361576326202,57.545305706707026,2907,38879
143.78363390195253,12.189176531787293,118809,329424
75.13937658584496,137.44558544936174,211340,224723
20.507230173198852,180.4865399591178,161772,397020
32.966260060585704,170.63516691717123,177595,107422
105.17862147312464,15.706116312256746,92611,313511
165.4400919161097,32.18953384906741,241335,356431
100.67745019612425,69.54946047789531,317683,72646
182.6724791671723,168.15630870668105,294964,166554
41.4128670045999,167.7422619888899,290418,396858
31.69447081088542,129.41052955573116,82698,223760
7.056801238665377,109.65258942916462,175260,327736
67.24510828977375,120.43235418548807,146842,144075
98.41649435991705,187.7017506033035,357602,198696
42.010444004942435,52.291817491513356,271574,143938
8.678500304313241,90.53997146706088,312012,5546
21.08953810254447,29.281035796713027,380135,344435
194.77210805560514,143.18105136732345,238673,12020
20.16685260107679,181.89321820943363,317040,395599
23.492193064402123,199.79102471488,333116,87646
147.93817006237802,104.15483353583981,356993,391459
7.360417507678651,107.98808150744273,34844,350615
196.27734550900195,188.99324622218623,97431,57612
87.4347877197093,9.092952732930215,46996,257113
46.32673928815409,169.06178468971933,183876,155879
105.22073494174295,12.90294836217537,248090,132785
59.403065707602195,59.31832779972993,328339,395995
133.68826458681033,108.75703094177288,188487,159373
196.96505484143546,18.107136600829286,29471,54672
17.728674496426134,51.796191445582664,213768,49057
96.8979509005042,61.34721602020507,262105,240635
176.13683957256015,133.66120588937315,370546,250817
41.41502057561443,104.8791408644991,146420,67603
18.7012254866577,34.040901230114464,87203,59651
36.71599417142869,107.63678294460351,120250,186771
170.91887943389492,111.49662948660558,304011,181988
122.3090414312608,37.03526211775346,347053,308701
22.296983443698494,71.225221819614,33723,364342
109.10499491302942,181.12292402230744,337919,72683
128.60150579839328,120.64117388704435,319221,395344
164.91231962535326,152.3277683493515,213755,46916
19.58740472782999,151.99222369508067,147711,353671
13.056626635749035,137.1083276592257,111858,338757
66.88885191917726,170.17819497964615,15418,162103
58.15283141004893,175.9405771700536,167752,317498
136.4325475626849,93.40427188792148,152844,319868
110.57806818254859,49.65655055101842,17324,147545
129.9076881163167,8.524214966528698,44416,323463
140.31301948823287,1.3919215964577898,249805,3551
63.802684890515515,60.549496741136466,88573,273641
78.29568737774574,147.86972142168142,371818,281193
54.996844254277164,29.82441660446161,9358,204255
10.397656325249926,198.39036135923516,241243,93089
