1195,242,894429,78,0
108.47621866875406,147.4132913524585,349956,334411
73.18255851814081,195.548951547188,379230,139124
113.06571725530566,44.36168102476719,128492,91610
200.26067026048815,57.30128538027163,17315,314726
41.596808537512786,193.84287099924873,126166,140209
44.254046589448926,196.65695815893852,246884,397005
1.082139519556235,197.1330221379486,224836,79561
135.40177735650423,128.4088232261954,391862,125592
148.1966813254591,190.4452015149688,75660,177746
126.79477388079991,23.565119036910907,186517,359414
108.55048632389345,179.08487686976514,82508,364768
30.492719292954106,155.1638952971621,146275,149805
197.78017053332997,87.27459836313224,232679,322405
54.85641688655208,101.91366885120864,55585,243154
149.00677798447845,43.11831567448202,356141,95000
5.695666753681749,138.89512465118068,129929,216332
147.42423895517445,35.37002093383103,336591,176802
73.12914425313734,69.51061031516542,144446,83818
28.020243283469338,86.82042237713497,79943,332062
147.2022086411281,16.138098233348853,196243,161295
89.69771923235422,4.039162240402249,66589,104299
107.25644399316664,177.79155046628316,204801,104169
85.74310592507243,60.104208876758655,214851,191702
41.11102972312991,155.14384975503873,292482,276546
168.43507984087123,130.38461581840426,129551,110712
57.99655818551154,144.53859967783487,315493,354260
180.73707958967785,175.36335259863256,381221,359436
60.946536147353136,105.48655494695129,42550,128688
120.97669460838235,2.213365900341346,274244,261431
196.44610088058081,137.36880827326428,253025,342063
62.067600224865785,151.06829009827078,21625,322900
67.38162528154189,71.78493987398184,365947,310309
124.43309955139844,164.72883570692508,742,122681
104.92430174067016,142.69795786253823,377144,392908
4.977015817667351,93.36299820580095,131523,12561
80.4856981195843,167.12200715424908,311432,146876
111.22585538525523,49.41245585449862,279861,263680
194.249014044492,18.830805578741007,124635,370833
182.51839872467175,112.60457634594655,52325,198679
5.32672121204768,55.06821813935795,157897,350445
75.60299949640135,50.25955295760668,72532,266603
133.01854744368342,44.524248276049136,259631,4385
111.35178639195644,182.92060256324234,138437,136173
31.014048165507933,111.28335221948639,287211,117502
118.02246482257979,18.04214955326092,242517,283970
148.1461100842613,155.81515760332636,161977,163941
144.47517842879842,82.74204913485526,372397,94006
81.276456540287,126.49283022789433,229073,151689
68.24202356277314,7.529129698515635,167896,49803
98.27656180807107,114.09989827580262,373646,159694
186.98270790429748,102.90226080050373,108273,101098
71.4277156622532,32.20435097808257,351362,319672
90.6497309504073,95.60195137927866,170973,237103
82.84783415272524,167.39797454574946,40136,109519
183.01293562245556,176.275465287405,152174,65214
122.07976285464089,158.85119598692836,358425,219993
106.81408123775043,89.96201100184406,48022,87234
129.44239856281717,154.4274157275925,294367,233509
62.87032075132545,169.0609595556706,340220,103116
94.22143552643499,133.11877428156538,240619,45767
170.42849324387527,168.6334694869364,173896,257471
0.7067301255291865,57.56496200647806,199632,388337
148.87342804013397,78.70204737907015,373089,353097
43.28849965034199,87.0312883262834,313893,195395
98.76993186301418,129.72322425952174,174590,145438
179.49978286514738,135.95931021013155,215401,147755
96.80358695603678,7.0614461448717964,325960,92769
41.608482089680656,185.94575585458153,40525,264354
102.48690079016097,188.9075183076916,242828,393257
27.06406281541228,164.0111055692969,264544,357464
96.89808765350537,19.857948360270072,281528,255781
89.11167717919567,185.92094624491335,80202,80891
61.97727826268661,138.87249395659842,28641,373556
163.8959253115565,163.1285160728873,363624,382809
74.15240692057687,164.5016566569579,176954,235153
121.45753474030167,2.9990095308058624,109607,184818
73.81182476492182,180.44373566174946,256900,94436
96.62429741238296,146.11275649129436,245904,73693
12.266052459908384,198.34813528957173,134869,48575
32.73336088987128,117.75800411130277,223589,161971
134.604457800631,49.39780695363799,171995,5833
6.59009173136652,193.72303185216145,353361,320445
78.88717091915532,178.0245226246398,149765,296020
156.64016366591443,48.06377829588288,358393,140118
142.42576666184843,195.95645906276144,229143,141018
26.95115670834968,51.91580208631602,186947,184664
151.88116905333717,177.8634928305222,375607,252929
195.58820395618537,101.2699574767912,130931,319212
177.301482252397,125.7220614786318,51678,141050
65.02059753984543,175.94858368263988,380440,331918
37.16909764775448,41.61380083473075,187532,168031
151.38274100592946,164.18517469433857,23437,83205
72.53298870122772,181.3206333693833,295715,56471
75.17901019238501,153.9837213610588,195555,36435
128.25164863166793,26.478867443205587,273755,127966
194.18814386380748,4.946925189067241,134304,330432
7.522220345462937,33.276636429789605,173719,357797
55.08401836249662,118.02301081810272,270403,246036
85.85516355630197,72.1677891421464,280890,209912
8.216449357435495,45.51172489430001,207324,385646
40.478659153581006,156.6514928802641,192809,91237
124.03334090716204,93.94923780107213,354825,58666
113.20615520635052,20.025854412946874,271494,249570
173.09419316153335,16.791692159993264,239806,120578
155.83141921882117,196.73563488912094,314958,307402
47.22035276277393,55.14611384329656,132374,20493
168.2612963038179,18.44458328111821,71893,52823
179.11922721606928,130.53780129893414,31146,166178
126.36471069206759,172.59173489200532,216750,303991
93.25403968239266,125.61333559316817,38950,92680
188.79007274329334,180.63399351296013,233834,147282
132.62696018533578,192.89051953931738,136550,343838
84.04034226428095,131.50445516388243,40801,129834
154.69790345285833,128.68879929122537,186390,47631
109.52763159185925,109.47270028537261,90050,166317
84.44334862737097,44.08877835018564,367125,215027
156.16617917774497,150.40000977304814,189742,116247
22.515312868941916,96.4354122762685,9308,228680
122.68568082733687,171.53423057766085,141165,171702
9.90971214216444,37.14853198040725,345520,33735
55.01478367552771,82.05657289590637,321932,184670
185.19159940870648,42.44513756822362,277625,247812
73.92956781153333,188.52075480316935,267629,313650
183.222364871507,165.3925651212862,389338,150930
109.19183573031766,164.43437453757062,375614,251013
121.93587421329374,57.25826109149995,82510,319144
95.50003475287633,119.21826458983969,221580,95276
21.837683416931164,114.53336725944581,161011,254189
93.99919097371352,150.7121771250735,20576,373263
176.74855060098085,10.791234956294492,164980,35666
156.47839540766068,128.71997964628068,189188,150221
28.451252978356834,149.5813538139638,381798,291307
155.73274388789844,175.624572225256,178719,22390
136.27324424894533,40.11168731600466,132000,105640
157.26425132082147,184.04767183108785,162930,301623
28.567422118141128,150.1709322068951,397740,281282
131.30063646410832,150.45246785102307,175925,113646
189.23452051016898,163.5945380851918,370971,171315
111.15517132036591,176.43333199310132,87468,89254
90.93340203829635,79.9672720294953,73413,238582
39.74257706015612,74.52677662043263,251114,217866
18.895891919398366,193.93848314371644,56389,14459
40.48797091248143,150.4064430899494,76453,36642
126.11992391920704,116.63690997953208,348275,170188
66.17641806641838,65.36333397528475,381501,81181
172.35514241017194,22.71740160827146,65919,93333
68.12172120592219,118.46493635183552,107753,211236
185.2882627341663,178.43570491384037,325013,304608
171.39343685685012,142.5546571658665,276818,84410
161.62694495177658,118.08652516443269,208062,228671
7.112752254857823,157.49074054057115,359183,78822
126.69121359057213,61.78784624058612,293390,384891
141.76902898318576,52.30220873711334,107615,335408
181.34557501948265,114.95863731237137,398194,27910
142.252363801205,19.203583352209563,378969,55829
181.71340877893107,51.300080844244945,80111,278331
44.35091361881066,89.98042595644901,21067,372302
76.55322306724777,83.41070261315694,245990,365030
56.70814213572834,141.82960714387403,274867,88430
35.26429762326436,79.4755203710426,233578,266497
70.93221257388166,167.3817634106821,341347,252262
61.422374330402306,36.27681132075172,137493,234179
85.33024162369728,123.7940876257201,217770,305257
137.0947209455749,97.96177499884385,49622,168281
42.61208353976501,79.2996635535316,254599,58982
75.89337866180836,80.82851047649868,234840,42097
73.25415711149462,12.630397931112991,215336,216036
81.11604850122863,75.48838904650684,149808,275706
2.791902993868522,50.8643034321404,202667,293028
172.09130254738915,132.1390120897032,116792,155989
184.2519343277881,173.430216392286,270590,273092
29.058467705715596,159.71900047257168,123628,129610
151.75032526709998,192.5536853429305,221176,153962
146.01883198838257,87.17296049380906,96239,126305
137.85398056093686,31.042652610804023,97311,204816
112.81292167131654,31.063800852112742,249398,155607
69.8857992582827,54.06052325384362,376339,298451
172.40487627696217,8.83887522936514,116010,178532
57.584115229669074,28.862960720875563,338248,283604
126.55904531754612,136.0683189291707,181193,316766
139.4105564926457,51.20314533957274,52947,290479
61.72134060809159,188.18662476833023,310844,266360
84.72053017146311,114.43417438853804,886,343439
15.289129843274452,116.31477672045055,364314,75464
105.7252347092127,141.82642597973262,164330,378578
138.26333764735116,140.62758635924442,291055,148299
52.816015238422,148.21787151278986,343660,112304
80.59609028482404,145.8426181008627,289674,355368
19.898742129131907,147.1466793949424,360184,38224
36.820858849205884,48.500546982422506,45368,259788
27.780733483666154,36.7730865947233,159954,314395
57.601153316867226,55.915104038830165,255217,112196
172.62323706772113,154.25210431230536,247188,63499
132.85286391136054,87.50160779584196,351509,112257
196.65145023525295,115.21522770482548,294156,187038
68.65477322111833,60.52924027953809,273557,284170
67.70938038164694,93.47831898296856,268337,353816
57.20746594687506,68.4417480152966,387362,373596
35.24123661623345,146.2095679347836,100723,20397
129.95222735975577,199.3864632149324,261106,164247
189.63240081595006,61.13622611806119,166543,135644
1.314700700754245,88.49093819972899,43180,385256
100.68411504370587,63.886819835758445,199179,81632
176.46293190673734,87.11206589766107,386083,100574
94.83473337313143,53.57740748505616,365081,210273
92.41120784689583,17.51311907184404,244457,309036
179.45927203831408,70.9510603085954,251159,205309
78.58060039664709,198.33135987913846,65201,103106
200.43639705540028,92.83984514593834,381707,220406
10.739035975745736,45.291554121931895,77230,194786
74.79997602873297,95.88301961582462,2037,46846
50.65889578591513,127.78121995146722,51393,319829
156.69953396521083,57.124811244663164,188268,251042
31.793409319310683,184.38942167041168,311806,375590
39.4624477642915,134.52469620729113,130828,67718
197.1053306932047,42.955600884099944,294019,78829
71.03883944417181,81.11340553759935,297354,64742
6.577310268713121,161.08588877056764,205611,135926
150.65041331339057,36.46395291530943,218869,5090
105.96369098411772,93.8542754001105,194632,356877
101.5649577851411,161.63912303945315,372550,98578
41.45340418310967,133.27311458242417,101226,216567
183.4612359921298,51.520642776663784,78483,263808
182.92334824001347,60.22409473041977,392164,361886
57.09324940286976,193.49062473907767,184835,165661
6.566734072123348,149.3950133288659,250956,3639
167.5399640225476,125.26851982761181,239134,7469
20.45138719596403,1.2525572183417317,368875,268807
28.245542926338864,68.12666067224026,206013,284585
87.94432224421487,6.453868632731663,189066,309029
8.697859485249271,124.91020045238311,16388,307231
117.25151524741518,125.99367136563913,171661,325461
130.71792710881383,94.8430116939316,384585,49319
3.2607750250113527,177.80632399145566,44344,345539
123.07231605225867,87.95497044441865,50367,107063
102.51133065791916,124.87644358811808,241829,124302
166.9828835861742,49.43895981887197,230390,209445
24.891673621879484,162.91536577394805,369919,246822
165.97537905107325,16.032336864982256,200142,148842
77.40748497219928,193.46673029760737,85091,203058
6.6393686502433376,19.688798804733963,189166,225159
196.2593455148627,161.42047604597443,114377,328825
