4934,126,805764,11,0
61.858535702636495,96.42789467171177,36818,6329
145.71054642909513,187.42533799409543,251228,217252
186.37836441747376,46.43497745266184,305051,358442
40.83738851425939,188.3428794978413,59805,101667
147.18114199061125,51.65687964061784,254097,3888
8.680303899971332,86.85905486351889,331650,237913
35.432782218266944,82.09708265117085,343966,139508
120.86018886288187,53.31108942220227,297879,230628
130.46578350886088,120.04118080785523,30907,288413
156.96525287717483,102.68662286014512,141311,110282
126.83126415510989,72.84696256818434,101695,251429
64.65847464340902,147.0789473789249,243565,164496
19.588687595940023,7.951437397809002,344808,297032
53.94861415155122,62.62475317445938,166425,224000
170.1593194752927,8.992130800892216,56447,185174
102.0572367484337,63.701655162052894,192758,51390
88.71159259938003,108.19077283355391,118989,203156
120.13205068529474,66.22016217859522,133492,320871
153.13543750557204,47.05978164490515,129848,233989
189.74697732526445,101.27043573403732,333334,322406
170.6435960766269,156.82383936762577,141860,206680
195.5749035268722,97.87389441037259,82806,302835
16.73139249798151,17.832932025788097,293424,67009
175.0780291201937,186.21400433813335,306253,254602
157.82747171253263,74.18725828592106,97512,52484
175.16529881738208,36.923971888634824,122214,174700
88.04719832981073,150.68154912424765,360144,159304
82.52501182393935,113.61277716710913,235502,92393
55.962863664150184,183.26383521365932,210594,11904
96.13607622714085,100.00972255683179,397666,43657
102.5509225321198,55.12506205479964,135008,369665
189.05071812560027,4.471878994460609,99385,379426
114.1617033309052,186.29826578011043,398814,21642
98.0585908011267,37.074014074845266,42076,368109
61.55121553432469,197.63276849405605,332076,303233
54.79400519737344,101.40686443424002,366634,291043
54.16383097412459,136.97726481424974,184715,44165
185.11788744555602,7.242339772065709,64727,159286
3.7783054367623743,77.48906656187059,276927,228999
44.4515100209245,63.453721731886915,121130,128944
38.52378690456023,170.69249209313531,367566,74339
198.79306331816306,184.45067664929408,126681,49874
21.70702025293997,40.12073938302873,287277,116479
112.41842986586175,178.72272262313166,314775,120368
153.81241442932384,149.34985347306906,304254,214752
56.13686885564436,185.07669462903016,374643,363037
123.76316714140941,169.6038257291786,88755,169347
131.19882193081992,190.37339098235333,225446,96096
39.75984372374627,39.8841541737191,244398,37797
124.66894381808325,170.9617603635318,148854,51308
32.812443863411346,174.1378593951655,27241,154709
17.79127502909662,126.89566818544412,100929,382017
68.89912841216159,177.0833193899386,333216,129329
189.46746306594295,161.0940541025903,76042,124806
119.33889512986248,19.095744563612946,140057,84891
156.70103361573703,41.94025135502687,232352,365599
173.6527289591006,161.5217295947569,386097,105542
21.364151312765532,83.85581962386864,70485,5214
194.47766027248883,71.82760466586123,231340,93779
130.92503227650914,101.94876795410458,376823,68235
28.93672003309232,12.347625988551581,45142,381354
77.21806683110054,19.120655645990848,810,45046
33.57466297029915,100.71748924566634,237196,87651
153.70160351393747,11.592403385046712,177524,383952
28.2405881917155,132.3646470542345,216547,455
154.06374737116604,115.61958213884444,45993,346399
65.2036377783691,18.061961945407468,154457,102282
44.01187115285986,137.535289833134,397886,167557
139.77309013483912,49.29310515446902,18117,286516
78.4997640207978,23.877325852818664,327818,332213
43.57873420150528,172.16001437682544,71303,291176
107.76528628734798,80.29683266182536,274446,25700
96.64763524351686,172.29174722781784,281242,396773
141.0038771274723,158.65321787634701,64860,339652
124.05874397963171,78.57400529445093,273494,120887
74.29685701978784,51.99496872283339,79628,64996
61.213353711348496,146.76615732018988,362578,265631
181.93146154760302,97.20380824223469,188454,192331
181.94679686747446,133.8416535586928,336004,244393
94.24924348973074,44.51016965194064,374172,198991
108.52088117974617,3.1852098516293887,47068,124938
1.7740494768307187,130.81715702731856,116836,275655
54.04723304365814,76.98943341053828,325779,222683
130.1078646235256,18.117733174295314,74778,307808
197.5446910096372,177.07234236751466,293088,106150
102.82523160690565,16.951558351472784,266147,242813
40.4490568957856,155.01801071934335,344175,206573
64.60274137304279,4.893871486002898,139128,69516
141.1665719224847,27.533712204128268,314017,105185
72.72146034653952,127.94427960756914,70757,7275
80.76338413560717,108.10073235808987,78165,372847
114.88599351588961,104.20874166805652,64637,268019
47.05779033936742,100.63057771481613,268058,372345
192.39555107830222,59.6387203611772,266976,183124
114.54985204278103,18.556378426548815,351759,298205
71.83920509871939,49.377539376274704,327037,238866
181.48007775805596,71.59862066385534,243359,19393
91.8010994384424,149.41114808243037,207398,397050
49.925036712222294,164.72782591453097,233393,346676
84.06024751723099,145.04843510561835,174892,57522
6.658642636791822,56.362208385604205,313823,146334
86.3362250502999,57.961080690478305,341671,350741
97.3535339724649,86.71850255976018,280570,112783
175.0244321482304,114.16412183966688,167559,84883
59.76299962782598,7.9868687532506195,202916,62200
5.215438207730371,192.86209521495618,184793,83920
177.3802601891062,105.5088499927176,197767,204475
19.610157708585128,151.34133966970913,76942,326895
177.66438002942783,7.658663935882936,397014,368112
70.10875237293742,94.25272917865603,112239,340297
81.57037274156464,140.2953435845586,210769,127623
112.62459859907835,56.270778487649196,28906,290614
126.52121313349566,22.47433973658187,129676,197465
98.18739328028705,164.17990259739636,375084,371859
55.180923057247234,40.96487609948206,392184,382409
137.1601722364661,116.24739965770571,6753,169915
168.87698252309633,133.7715132302863,386654,301165
188.28585016473082,100.99016219552982,329803,161740
78.09624466871966,193.43768807413642,107137,248971
84.55795791813442,21.199120285028293,156361,116913
93.33765835977238,139.92350403973947,45161,276851
102.21033774181086,98.7967792486378,185738,222551
147.31691236847823,65.18230820728648,236434,103003
90.4495266902158,127.58959679582968,389312,165490
143.02855548849647,6.468600652051781,114773,101030
175.29390560935718,89.43360747125621,105914,101791
