7523,621,623721,4,0
91.34827020726127,89.92733147370159,247859,281765
35.46533875888297,94.03466223390366,379396,138638
192.24177403682327,16.40638563880047,85169,362443
194.07607925575294,8.853447547831028,70281,327372
84.23587369001226,145.63009656368857,355752,151535
73.1281453223417,155.7432254697393,300380,142071
115.27498050999574,183.36417784463546,392566,224564
72.43419642811871,88.76548717226352,244304,77424
21.942223856664654,116.01801107509823,398732,344839
50.10322517322784,162.39322092391194,321365,48963
64.23650673137482,98.14013238343419,180689,317235
99.87408361539444,178.91139805054803,122253,326584
116.17092511346448,122.62561292603232,177125,393305
151.98774830810464,135.2340414660774,1721,183395
104.08191412467926,158.70966516970825,35635,299421
165.21278589958567,61.800852076361664,317175,326378
43.46863133755575,91.8216773418591,390650,278594
185.4396097156379,36.03031064038268,89978,263916
128.38725379657274,140.98831701513487,107981,180189
19.135817405416955,69.31702813837502,280175,127412
150.10010230085695,59.21155747015813,55855,80130
181.5401547182683,141.21387888343878,389603,214674
48.39549801400857,119.9898223871504,139897,31228
137.77419839133697,128.05479136545782,186983,307868
173.69582313344145,73.15618781714085,277279,202578
52.451469738119286,46.0470307698528,319913,51983
114.07909778611945,14.109112362142216,77008,60689
126.62137437895328,10.362789799184558,196680,380470
131.34885797175696,85.31677188607506,256727,48332
41.13262136277754,170.93429360244892,371013,190839
176.3679273753417,135.06799410113376,61423,263650
88.24575090041836,100.8245873037531,67569,233826
197.47016552412634,147.57934823769082,369432,354821
88.4496019421262,121.90315159988837,261155,240929
7.699553057350605,166.8817635778613,221789,280029
21.200076059373963,102.17174247786359,302696,219688
87.09453852438605,34.90877032198277,158743,325080
195.33398109936968,55.906692296925186,359656,388498
124.80662835083228,6.775132187587795,242701,194146
30.223979921152143,37.62957666271617,86390,370775
71.46213727498541,82.62709418630352,89229,135616
179.7155989656497,118.98418661661096,18905,252507
103.16403282754149,79.29628161446732,152823,347921
109.28152288123569,58.45419024043016,278709,357153
82.58337699175476,164.30637532180512,2614,51335
118.77500010286664,61.44813998550948,118841,50458
136.77616033235398,81.94816088115945,239153,87751
109.17077418200695,135.92703760414764,15616,349003
12.127699453850827,142.91155203645394,317353,195810
26.631512189099084,89.14948000275426,147604,214966
179.9925994979254,36.476391273428554,212016,357059
20.387761177436513,106.33128097227885,73094,39989
77.35971120966491,3.024111634671633,356041,265864
145.9032961146088,83.50509531030988,66819,14886
9.798248402375254,4.523506776962016,302474,270248
89.62253123823861,145.44188378923045,342244,228106
12.97877579162564,15.922688106140114,241131,305315
28.645940783183665,115.35494756590042,94285,331031
167.53172271554433,79.67957779175404,273148,219018
144.7103039868757,175.8192112418754,123079,211074
52.60116004860197,101.99207165625684,18532,397201
147.99652081486366,88.84865104996925,337674,281201
178.2437139667997,90.02954122090087,175588,97236
28.055991330510388,155.7038350493888,60379,307943
187.25653955827372,36.377315287671266,239521,82697
116.4202937275237,181.44430974716366,336897,81587
103.91481807182569,36.11789785389553,289468,119670
32.495777184527086,62.56783319812299,225088,173144
30.65347342520551,93.99503257205566,90182,16020
89.77763239562177,94.73517402425377,196683,249204
163.5100574796864,48.821730991137215,62649,148326
96.2546142612463,67.38591351377235,336233,383802
182.10131989995028,148.9592569675174,174740,393778
8.498975254010809,198.202519014964,78062,19708
48.35529537835309,179.94335577474283,155850,122157
45.10393933903741,97.44740697050099,53315,368092
57.858879842424116,131.17454939331748,274939,315280
167.975959986497,34.125959150481876,277343,250535
75.57840320133697,35.40416576832311,356350,280466
170.0191631297384,106.03789131582121,88379,189466
160.31279529671602,99.29432872447944,86602,24777
19.84725385469196,156.7651442982362,19571,198755
55.36588792860947,126.74157779886775,250943,169143
97.58178272476506,106.57725172683091,375471,329475
71.77162780253255,14.437787564439175,198474,353348
84.17779213382866,102.5597754176096,217432,279486
99.54363886581787,51.18131939193026,242658,135037
48.066302563233464,186.80855218477285,12286,128169
95.79430347787648,193.00394805110895,59870,366017
199.60055785761656,30.477457977084576,230367,34806
169.49799019604401,13.877542048087964,394372,213610
182.59752200789904,95.39004928858323,180148,99653
23.85446288573173,179.61685658544405,105673,222514
54.310302744410656,32.771955791195616,50585,146850
150.71141400580527,177.98368210786685,283369,134011
15.958900616993866,188.75048394165026,287287,57331
178.77497866775727,12.68111454302322,75735,243803
25.368926417982262,96.29700149627361,90588,200259
49.194756005731655,69.03710153285455,253811,80260
15.578206345780632,140.32551918590946,395196,81021
78.7498545576823,155.22236213474605,356601,394129
7.102512421274831,193.15383877960437,246462,387293
131.855783617221,169.71111931458915,236905,345880
119.91184943113858,47.301092842238724,4999,280702
176.90343374024755,132.6325007655869,160566,189292
131.44041704254772,196.8333229655009,47661,375298
78.35174870496971,119.30806521011506,180172,145729
190.89464668012553,21.747235443589997,387980,56856
161.21963552253783,156.63496644803286,144050,311720
73.86703154772866,56.14628371012823,165436,351927
76.23126670979151,179.43760146348225,211819,376125
165.31710126783955,23.533674505763592,213402,161859
48.30684567641864,121.23040369318662,128028,49229
198.22716720220959,114.11870602520989,277205,86683
74.17884023578426,43.14456705257547,142920,375491
88.93752360337187,181.67639785739777,29007,87020
171.84686619471287,131.57868188904806,15583,96883
121.94639480578272,32.66100933085837,205662,300936
109.93303043007624,49.321171051530435,193658,109615
104.83172458586712,158.7722398223573,23947,270704
152.70904418437638,170.7182984206858,363062,44472
180.29787985827295,76.20358483200503,124011,246383
149.95711636202,17.558510463754196,307930,325330
23.928288602697343,39.936156688714455,287602,97238
42.59368098326702,21.71962935357702,188604,163602
134.16765748924647,118.62353888174631,276130,242794
17.19897675367804,40.66277795100558,135712,367419
130.8726574045495,173.1638843844286,381597,219397
56.70149316809248,144.31377831495735,307829,155745
100.34051539393175,67.67041526859488,139766,122288
141.28458181153366,62.881789691545706,67478,65150
172.30875237313725,152.30040039444748,244532,233838
53.30879038134132,55.234077339500374,46660,299106
86.64907074820832,49.73144909662158,109679,98700
42.247479686084965,131.45782964268457,166357,31802
37.36197900541761,116.80237450304736,397736,237003
179.26081705843845,80.45259797410658,282382,244400
86.3988539782441,65.15977322824774,361677,118921
54.40434957047512,37.443065143874044,334128,363029
71.55295065260478,144.2406723753092,202512,12855
80.27849241207548,135.18942328876128,89553,20478
27.302534437384608,110.52173459181361,242403,179015
11.24450377525622,58.784142731621394,19878,279673
65.56640553580687,131.99680838991645,289723,284412
173.60668271701186,44.01755994891526,31118,326940
179.72679877096945,169.0023889839246,10156,41653
45.209148323311524,84.50285535391414,233953,237606
129.24522448361265,3.8649549961532355,95967,54844
97.91484507170124,38.58195538585319,363651,210348
107.37562235331175,193.8409597711693,81115,24912
107.9938742271435,133.37009611838423,197290,180785
98.87478138885456,135.27902705615986,394101,393227
191.49375300097262,64.39606441213122,334942,295684
90.60405568334647,52.05089296242225,142436,326807
87.51579204244342,183.7906614037013,319144,15361
32.26805618066607,167.64213736315742,284854,260212
104.67483692996237,190.8750817506478,329576,258571
168.37689492414373,156.81202907462435,238836,232105
86.94443985807354,103.68668263559661,324111,350384
121.3573210979969,77.7435187695568,332326,21724
26.03145862448556,150.20995097142506,214211,214988
129.45700496888267,196.80503110752372,150670,169632
139.20346509257735,109.98790890534772,304529,209998
195.943605358706,82.50583805632272,36022,322902
94.30423286053075,30.88178623401542,394599,136902
136.728259864358,169.3912879332541,162186,184640
157.10788278390538,196.90725207211202,68525,391543
104.95028570355319,92.31363914294766,233463,93
179.12538934160554,20.561527807561298,209974,45636
190.62850317724627,41.92406703795911,90904,355425
64.8094981461428,150.50041589810579,153627,37107
42.97256825795982,177.9314305945163,156211,390595
143.49989480866645,30.835091631373178,130105,42595
128.48814205173193,1.6096794597185378,190650,42072
20.480923530469184,114.07867368709978,3573,359095
140.10997796960368,86.52782662044814,358249,339421
149.63396912981534,42.63941286325613,233952,399847
116.14036070987397,9.220160476613836,94924,101138
23.17643612085366,184.86419709247204,261492,180194
152.0141512386176,31.579878756534953,384660,393262
137.08430076239054,86.49027015110401,257750,243115
16.48921568831253,45.59176013410992,240927,171012
198.56567695531584,6.8476887846299235,393979,81600
74.77966739305852,189.4395683789716,56066,180678
88.33426259265164,115.52799732765129,323094,248990
16.792237980733493,32.22644064690275,349875,81582
78.74410770837298,178.12828748759628,362045,227383
165.75091132079382,162.10229659064208,315072,328287
101.78603054198007,42.10249999659482,25340,257215
62.23440188821233,118.44627418214343,134304,165348
30.581864451916964,113.08616207952477,81329,148517
176.51325636743442,111.224929032031,350777,208970
15.79056384958498,90.0643096238358,127161,384167
177.94071585166722,57.43354176100512,275869,361749
45.0804664127424,190.55837940191304,238911,24992
198.28221739029001,132.69886556802916,318003,36090
169.71994306417037,165.12381369708132,317091,160253
64.89494882894765,142.12209139581626,64948,201151
176.96473468389246,178.75903967796825,276576,168780
182.59947576705525,124.09131817716627,136849,206089
49.219622582168995,164.58592772168825,255892,42240
27.302311657962452,39.28834760808605,15246,108603
19.244967801831525,56.00500511709191,272793,234385
131.69006855433992,99.0258881120874,318479,85125
42.660821146454495,35.46299383268078,239354,258565
129.7543080399651,46.32318574173263,136951,15297
111.74233126517946,43.37870601236388,26985,24446
153.03027081246427,23.08127490129742,288285,63908
134.4461391331154,146.41381484101973,205872,332013
92.12414135927774,200.04867511429552,244915,155766
115.57819179570784,131.28004278394639,347470,297458
41.62102773820185,185.04476344090094,347284,64511
78.20424278053554,164.15222155566468,383654,101172
8.441542008685708,90.57649079965982,138830,92348
137.38591344012022,16.38953414288632,23776,55330
191.15720273566785,75.36504810336154,178706,87232
29.042405679052063,118.91372785740501,202724,232090
123.06602744377739,175.58769901696752,167404,285940
157.51150598762104,168.8852345770302,253125,352948
41.728008496895654,120.40658299846113,140338,363947
168.90835510254206,106.26422743066817,285623,9303
13.298061614331168,51.54629298523449,255133,28810
105.72727993809214,121.82634411695993,260487,298844
146.87958522052705,16.615668792147453,213284,40794
132.74572984396895,103.98001536115443,275539,187826
12.137781432809668,118.24180133121044,361657,201098
135.99048329185038,15.436534979696315,57057,166215
86.81569846492317,22.96612992189658,329734,108518
35.51040088614526,82.92364717787596,372919,137416
158.2213793960304,171.6890000895008,319484,36803
78.53673798166375,138.59058019038656,18515,298299
67.20810812122643,3.060318550660323,369688,395361
11.247456679347955,159.78551875680722,277645,83914
182.0354024994524,77.79564924142763,333537,385798
93.10585352283192,88.12799755785696,74504,247944
124.53330526420515,60.01903793474753,373316,312612
5.311719979788132,177.25640187733921,164065,254122
28.32970845790862,15.341950559548334,240108,247232
11.355460172319752,13.687839644968946,107729,369231
9.047680845182025,77.80168287434924,31891,194960
109.4473430971554,3.641332258836993,5413,277908
174.21996724186084,31.698210427933205,306319,44857
139.52570070969801,31.578971910619945,54562,269735
35.45848130876333,171.85580917696024,104292,12807
196.82487434848872,19.120791807418136,105044,267346
130.7910647054511,28.340087641885457,366963,209127
194.17598762401607,75.77065490343577,75509,109457
79.04329707714996,160.00309804487856,260225,208676
200.26697700205497,99.81017242385367,365771,158692
13.08292083230328,185.60349903038895,79111,138842
164.3227170430844,7.408341507781968,160816,363209
51.41602838976221,91.2265104366233,322908,62566
81.77683222803333,123.46408622260158,177574,14202
129.16070072572805,47.25419808548771,187901,228181
32.56461759825925,126.33014826546935,54353,10351
15.3326219384588,15.531232400839922,234925,106882
165.11606226424524,2.117138406966956,89316,2793
173.54157587525788,15.329750827414824,67660,150144
45.79018204496991,118.87956069130844,254007,322270
191.8752936137354,142.30985176446947,131823,375162
45.56178107586716,97.14835933845943,926,204572
13.57059010053293,54.34449035232437,146516,335093
2.819477224339428,135.88039093018455,239400,275304
76.04905110406287,117.6499899676804,103874,235347
152.10525730893153,191.20154950760184,332557,53156
29.408500883249253,171.33084020560855,245345,69570
21.84050021014582,122.96025880368411,127604,231448
108.26987396888838,152.78040584140487,241940,181130
17.237431810808047,179.08929671445054,305281,174575
109.11468466677722,124.32324034450924,204904,307820
64.75792172063065,122.4791735457109,344869,118658
49.41903684865535,156.35948608672047,155579,73760
8.099372072558497,96.25366354417324,84074,329303
109.87862705554112,16.773612165352347,261881,225128
128.57999104205402,32.14012948712838,205880,323355
176.0834710568449,62.56772721438456,205328,127917
90.15854644854856,28.55176253547681,178003,363744
74.77376037074065,159.0202989673883,129844,20449
65.72714661743888,39.92894693553642,179452,310323
50.29738435093881,4.973754693330312,323470,386126
130.70463345355518,41.08001477697453,59490,75776
141.47773887708527,20.314970248848972,246854,378251
65.65368575543643,58.3508656659791,42180,206845
124.54557733972213,62.901107419155075,297985,202899
104.3413743012534,126.44582963116477,7514,388886
95.22353995784974,56.04514334411067,137028,316742
119.43165090719535,153.00172517888453,60623,66168
17.984299816246708,2.530978769610381,185311,151916
136.283774833887,104.34111084369407,65305,9447
102.81616083156645,74.67236830579095,335397,366027
96.95392440631512,1.331925311464321,326145,131018
143.7807952067665,149.23373553599617,4948,290091
11.65283762669399,4.467067204113572,190568,176279
117.86986195098409,7.539303253898455,131052,329566
193.17135270562477,27.03160389653739,231009,360026
80.16790119719388,60.63003028151438,230100,178675
190.09272387415973,133.80521997633358,352014,288637
169.4913757814009,62.081545491989,351730,180434
45.286446626984656,33.785806544778836,170599,105984
59.25552236449959,21.640007647561966,286270,265018
94.918156365576,166.92481343806455,202025,379395
37.45467803629806,75.11282821828456,10154,196863
187.08412697002046,109.21876489553178,76542,249808
197.8359954242919,153.28697552519367,342230,202666
94.6326098858986,4.462066940096798,330347,358755
76.48331727307021,37.73522245182116,207521,142555
89.58775631549084,85.66666039105283,96901,148496
13.365737799380339,116.27970557112253,312497,204882
162.0406828170437,20.102184743864015,39323,181122
180.57657231363626,37.058598495327786,282144,218318
38.986440198385765,128.98862151425703,159664,103453
156.00084037678758,198.40536944540455,169209,128174
82.31086647386442,60.34010190779729,286361,143564
75.38605492937137,52.29647738042301,251668,281437
123.28752051250292,79.94593613140655,172977,272554
144.00965608960408,1.5228494290670298,80290,366835
86.22769698577791,173.99156222521947,346973,382146
92.4695979415746,153.93825716478335,367185,220012
38.40591573056705,194.74989386499422,268480,162051
15.08061652950622,189.45409766876935,308808,175710
108.50514926191337,129.8711413388439,209140,45833
113.8197180049767,84.58058697170581,284630,320240
82.40973066098923,122.19882051045309,223998,25410
199.9889917656252,22.328925058459305,303746,377072
113.41589619776859,131.24934437502367,249093,392731
78.38414996613974,148.63340414158108,171521,232054
183.39953884780843,114.39536219274189,109119,137436
187.78142932397006,85.94644825370177,385381,250711
91.12385780630721,154.64614491413286,195562,256999
114.36627940933683,5.499097141722619,202605,256271
102.0063551891647,196.35523876213279,49731,381954
83.08260298613962,126.47426549153366,124674,200794
7.990361010616997,28.21364250925419,312730,327598
1.9136624126583897,146.9559291383691,277490,134971
63.751241414537795,116.88906221539338,262003,367743
156.3235090850449,21.314212132922314,351779,324916
192.75695319777478,121.4058307383573,388260,337964
80.37306464482977,144.3598176363861,183723,128442
9.517311449900367,168.95916828042886,131822,199905
156.63622791690824,56.221327741056584,369033,144848
157.89072058463609,142.82877798467962,361240,215466
92.61083501874344,174.91116464761143,354471,315681
4.142639333807596,2.2836274507439853,382951,40762
94.8554369819662,36.770582167225385,96513,353874
91.5109096300632,37.10990329187599,212194,94532
5.967660118253814,78.61654862642537,341808,344670
113.65043380299915,154.2799837240157,102587,298384
10.512081589040967,139.02360090907467,310074,73157
10.198259307468348,134.32019959285228,142408,183368
165.2371612965921,58.70758248203561,46974,309213
50.890675971245045,197.5115826285275,128744,379708
111.90007428581009,199.7555261067861,320808,169326
36.621445242679954,136.92867830003854,222722,344721
17.627997356715884,118.1622617107918,350970,360089
97.37518987760568,142.61959779243415,361327,217477
22.242102620044722,160.85993006634223,15404,300283
58.29774893325109,29.463681666734132,281082,397263
102.98953035782742,23.606892267738232,250198,311277
35.845895645103084,45.29428276214783,83841,222256
77.67601597168013,15.557479374590542,323661,113257
134.93787498591266,165.0007642631678,196433,275548
24.651387423793214,5.259461475014892,126858,393631
73.62395144125729,44.15917159714241,9187,360870
104.22851773647524,55.79196360874236,345058,374526
51.707743558699946,20.292515169751535,331667,301920
107.0475892524401,137.70815367003502,204034,259041
1.0450988471509044,103.51233327074428,25339,98997
51.13823548686253,90.70499273514191,363552,293453
164.37276806873064,17.800666771483474,265522,215742
5.8661941501691235,1.2015409228011027,348374,113035
112.29451677854698,150.68912459236532,335691,90523
76.83553881346973,195.33851300834323,228054,328781
149.67305464191472,188.0864047821297,139265,210082
64.78571127075186,196.75976521671132,338597,66535
117.71218822861388,82.38110675010118,206879,32796
171.5817730256591,56.722223976393934,169064,7072
60.41070356382329,89.95995299642529,86598,390107
109.92996964845221,180.79883159540262,313255,178765
197.1476537530028,67.56617477572362,3265,41364
157.21594232638682,111.26054309621655,127693,120395
189.61321640196886,118.4858751513855,348163,315158
38.9932048058926,96.09301153421826,249214,265511
83.20084823742519,96.77526181849821,151044,247542
129.65211774087314,12.84189525701932,356201,181810
71.7698588844434,112.38583503207951,313782,10557
196.5577392362643,5.783079740662977,156156,392036
21.193415589451103,18.241215119488118,15726,68798
103.71621926996126,135.35056838361456,352278,86439
91.52061857195136,22.575912732875125,99207,314597
130.44661865652617,185.77096182601178,373933,8698
29.472925555527638,161.04589006682517,42779,183406
182.60609301929068,196.26953819173866,136834,390022
31.31016659278186,122.52080500781925,155399,384357
96.02421602393835,98.22419090729724,124945,48098
79.1599732184936,73.70168392675018,384519,331316
5.704133357049789,89.8201750487487,357465,375182
69.40214217549595,28.78260615413938,162389,125356
16.177821580683826,155.04641779985772,76909,358192
26.70617259399751,103.674105641974,337241,70535
128.66700402960808,38.59276008552671,101588,204700
38.28181150744479,56.587185116209696,7773,113941
114.2837231879953,185.0528715083016,119907,358228
165.63872367094646,109.17231702974031,354478,330372
158.66236214133176,11.879466447508268,66776,193051
170.85796784888603,160.42648321673732,275359,141156
115.7816449252152,42.222744106435016,130472,76540
115.62512731741322,129.10481525154103,335006,39200
105.31772404981437,16.92927441326738,22294,147046
98.0078169808047,103.66026869065695,397798,34893
161.051477526871,34.78301121916624,271315,102379
37.499398992361954,140.41785756819962,333534,115965
114.39200970220838,146.10212942362023,114727,241087
115.89134320493869,163.7764102873231,313750,257388
188.10683617717316,16.01122734199666,18654,52559
52.148921295343264,104.10438626130437,176595,218481
126.3755547784018,158.4074542876479,342983,59569
115.09444910042926,11.413821599535932,391274,362958
128.19011513807393,57.527516711173185,188432,19169
49.168981359080576,141.9916574586355,300589,364207
46.16973259148903,88.16990884577572,108928,129750
56.0430845589999,1.4476553341087213,33005,239335
10.6740303052561,24.478819029161457,229566,360551
197.94971027622182,95.98604157059228,329681,387785
122.69258034977929,106.57315648221254,38541,206702
86.26321599756538,183.38169012673336,246357,248425
195.74509940220045,89.40134968836921,353641,343122
19.368096711869665,99.77375076271481,395283,335002
18.702242348135634,13.59020403850174,230764,191364
124.94450265570724,75.98797290988745,261918,168884
44.16455975331387,57.67989223731923,58480,49768
40.51547894835122,140.04662294108633,197944,73658
101.32522955885771,108.3165673017849,97355,264999
188.8981805860696,57.57931589778019,322426,332562
192.97283995892366,132.40551102093409,395026,170639
37.89870301940977,100.14229283249071,155593,115402
2.7219039289108844,174.98059688604545,62673,143967
101.38256496975478,98.49543601739819,193788,257780
34.323781641834394,20.065916430554875,74110,288767
76.31105276409879,63.55857381591598,319834,47766
88.01685393203212,129.91279551543806,336693,252097
111.4023892467365,106.32880418372913,149730,265391
191.70519415282115,70.88575821620552,197082,132618
171.07678870105173,108.12199163431593,157536,296429
124.06718889085336,101.51400292430745,134239,186606
155.9709767687361,167.1117375576386,99906,167160
153.62272664813997,58.76663699120576,183524,238343
40.63093587169261,43.660829498188555,174231,298134
167.8370197582527,160.77003069944695,136994,353835
21.457082626351475,47.131386375087146,214436,159743
159.39417516380968,35.65975480671305,154328,136798
74.40384814727418,136.85339085646814,140553,232343
87.09177568911483,184.11819112509878,42669,286266
102.52101884327396,70.23474143120406,118680,51093
135.0218151764358,43.83664165521645,286386,62569
117.73782442196107,26.492374828728227,144160,264819
188.82131128659682,13.478916209479262,165229,314336
18.27754918094896,104.43100789457728,255587,300288
149.18058747388358,136.90644336683079,310611,329206
171.07086923877398,160.72668037617197,55848,332158
162.24598887085767,180.02352014995031,221673,256808
25.20579578030614,79.29401940430493,163248,201208
100.18030968787296,146.56095842193406,340657,27977
14.880537974058715,184.91224514901822,323570,247694
143.45536555577553,178.7569923823636,358861,16106
164.95924441923464,12.112743760240306,83950,357520
154.3303200076095,136.91135712867847,179168,38249
104.88859235203822,174.52379087303095,58263,193983
177.6743382363094,20.252474355092133,377859,260494
2.611722253923931,145.9331165566365,92276,359600
34.455408244192455,111.91354482276597,131813,322193
33.78502902277604,42.149702376914455,348401,310726
92.84688092769079,143.88187259773525,150989,191505
47.008061807626476,96.5798758856634,343083,307758
4.3820757126035055,83.76166637922947,362031,13492
26.237789163375922,50.91258376512141,315261,381022
4.6729674668450345,153.64493822191506,274405,266251
99.77095634392822,68.4423216558892,97858,333438
111.03455723803025,71.26231460145979,255410,62109
123.21237281390019,138.72831578752454,392974,118568
148.4293898259339,33.206943724905344,192491,347299
53.148364881828556,30.25326727362051,279088,259358
130.35027834825507,177.08464629704858,285087,37469
119.63331328867747,98.63679043674865,335417,171958
76.8506734534148,111.01279398464806,333779,66364
49.2685313605781,42.28566888479616,291522,210769
116.54486005124322,191.4144976154338,341580,325295
146.17731551383844,170.0077463820461,58767,90021
76.04148559727783,79.35338024512427,270246,240997
24.502665036276195,95.3369193439756,390120,188578
76.32690097625368,186.92339072282428,219507,207031
31.495663620298686,73.74554322655601,271097,198587
132.83729539437505,23.01769619294477,398880,241737
92.5179562804578,59.56591001260264,172362,255800
80.48328627420554,106.09611461148475,31113,319764
45.4212963110156,171.68692420382277,374040,114243
137.2253282697242,83.67208923099888,397398,179758
168.2365828485724,47.693355002714796,87747,117453
84.82596139153135,196.84344809130627,303790,118368
106.72383176984773,46.20618343742643,76809,282396
22.383234733819634,75.36574954214421,74915,120732
102.29901988065932,72.27126837347339,195498,390855
60.811404745476224,125.95924794636056,33340,281084
40.73354386699969,180.61245175708294,298372,302512
32.58810273388043,74.56953193542687,120874,254902
181.76292823642254,120.67261087494566,316869,108190
133.2144722005434,92.36418762753487,380178,40798
192.6631521265301,174.24413966303422,334734,373151
65.69383497401228,134.91279618740325,34530,174044
157.65155526516196,84.14763178733567,246182,253211
88.05844488256645,73.21092715842661,344035,59789
41.71412544196381,48.235873713787335,141192,279653
62.07023772995074,22.29096913635028,229089,188175
183.59857753732248,158.7386020081355,64389,266277
48.57353565120505,65.80862418903753,67748,377565
19.061933390409614,88.75357808376441,257325,314550
105.84235710104274,30.274135732013374,49981,194803
192.21890136072182,186.0400151571838,178479,186633
120.27638423123365,36.957297049869155,68850,29524
109.57259828626994,134.06366245532791,299242,305206
66.9641023804835,118.75503575655645,363106,380773
96.96797237769378,120.73662607714991,373117,39282
178.3333664510575,58.66541299933151,211677,181777
12.610594560589893,40.12262845767037,303164,324497
44.105325850907526,20.532358774125612,16578,98167
187.13482850696525,199.54700799287153,72493,77132
111.19087415461179,195.35693635949627,121052,248314
51.556074567558404,56.443620729265355,70634,165994
168.52694841802378,181.03332452516273,82034,161496
182.24691395137344,42.64566459911844,13367,274788
144.02603549599328,112.55685143288416,127593,374265
54.657094668486906,9.816906830696059,202959,186848
98.06401086734408,35.63710975161557,84477,18188
29.54766918834798,43.831934777405536,260379,61456
143.89167029716603,100.67695445244424,51273,239234
81.60043436174664,128.03144814983486,233715,160360
168.03182527862637,187.06871283665984,99237,168785
64.34045224217746,199.65937484955927,272688,131427
55.499552343225574,49.90657078466426,91582,82763
140.6923568844548,39.06508951800244,258875,184473
72.31573304200002,122.09044357803457,42153,302495
7.875419542557871,190.43454624377904,301389,366095
32.40639315582633,73.34568493301818,300891,45629
130.7984309220955,153.28125477879462,186727,59747
123.10025856211982,2.2262392340199773,312380,335113
51.08862278659995,57.43939869535107,103498,220673
12.9372268723268,155.4006553466554,15271,307998
150.1994867187489,76.9902638509722,393325,145768
181.6388211830276,177.51164098321146,246450,112941
164.88551842035193,20.926911363830236,165621,254676
43.501328606655775,1.0957153656837688,57474,385191
41.278415304167105,115.30373126244325,333244,255940
65.16039667833489,5.2702413200031435,399010,65144
188.7937485549806,52.384776237739125,311778,53753
174.02586687326027,179.33601030526398,82044,23817
185.46047749450733,100.53086537602866,244304,186307
16.454907812568962,107.67510085785136,41284,359392
179.69309794361163,152.2573266270479,29803,398546
41.05305348627278,89.29100495521348,392552,375965
127.0875035369858,129.43574237010353,146599,194766
72.87439978891094,172.36150042840666,177477,239434
150.96305805708639,90.76126184431817,309261,258549
113.61670879186313,33.94966958839311,22500,77871
187.91422814570947,108.49490464810191,183592,186482
90.43234304562228,189.61519090697234,108469,129379
99.77146747090454,44.62591986138965,204054,82125
5.334555843247967,158.53182490065547,391477,352165
35.67284040253672,90.8651264255885,304485,393008
166.37881609702868,27.66816893438443,261380,95873
106.36043708821975,106.53423062539885,128727,90054
53.222753110645,3.822795140657786,384387,69375
190.65953224512128,42.0912232694196,228555,241804
60.07447346528318,74.39169130280486,391178,21525
94.06851017839394,56.73581136763549,94763,176098
129.55971989531346,135.63127476424532,126715,235339
93.55479344472683,93.65438552056064,138835,107937
137.18171214410202,119.18421808500067,262232,89181
162.46096240378736,67.74893866102919,285143,280761
187.69627493549095,141.4531794549179,319720,320480
15.696879706463573,134.2815791740037,198738,45987
156.13655451603898,113.10966048792997,375348,225194
48.322809299681545,163.26344554434803,376148,221298
146.0298199756313,34.057137882134526,191303,331689
169.78577448330955,148.50706837280987,207933,304973
78.5602708733395,128.34914795647347,304353,74349
30.402033248325388,71.30192785209066,299863,20405
186.43025130159054,169.08988511943073,138709,75408
74.5027524175551,40.29727249634437,164693,25339
16.714964353955196,139.7874367954354,330414,75899
73.67323538648924,199.3919483243821,149432,121115
184.22583538943047,169.93284554933342,146580,7831
140.78844923820853,176.62058287242513,336881,115365
31.302631569788062,172.06271381055052,140262,384690
7.524839923998605,15.947244824424367,329218,192450
196.42750110115543,57.92390920472236,75062,160254
180.53019415390506,151.6640568903356,208557,364584
161.8526292364638,94.66654990256987,53552,169453
49.6557237169133,147.25121151686625,325370,135109
113.19030944041315,9.691207207497865,97414,76884
90.16711429612837,106.96916120273097,369983,101831
9.637728650137223,105.68843578844633,90740,36604
23.599924229808757,193.3813347948648,76023,1259
124.58121209102232,105.72851668029192,135058,67830
132.22940904519763,146.07913555379483,14335,303819
199.5042076911868,121.55723939339646,267981,399614
172.68103728815095,29.108468478514837,206264,349813
170.5424974930144,95.47479408713087,110080,184904
27.085937949894213,154.3607905748861,176394,92705
122.19685721829711,85.63962088280907,50392,322309
146.83053668385818,187.25024257523373,251933,364299
26.510643432122826,184.0430368079328,316456,139364
75.1821108296136,75.48392274965855,104255,384295
102.70496589824609,22.813421502151343,87437,37673
131.08720130706453,22.15311436225812,59383,393636
130.47059140490921,144.37661118108704,59358,149381
156.80788139531128,5.6117803089509195,142505,367068
152.85074173153748,100.14165071510168,351139,108158
195.72760943489766,119.92297119235815,327015,66589
79.2957959380908,75.99387548026121,172370,301452
101.94342336203181,144.67638050998823,206359,367911
147.78696752141585,5.530737237815686,2628,82881
177.86042398699314,59.71948321298469,74245,366184
